time x y z vx vy vz
0.0 -476.0 491.0 -412.0 45.0 102.0 142.0
14.2857 -476.0 493.0 -410.0 43.0 103.0 142.0
28.5714 -475.0 494.0 -408.0 45.0 105.0 144.0
42.8571 -474.0 496.0 -406.0 47.0 106.0 146.0
57.1429 -474.0 497.0 -404.0 47.0 105.0 146.0
71.4286 -473.0 499.0 -402.0 48.0 107.0 147.0
85.7143 -472.0 500.0 -400.0 49.0 109.0 149.0
100.0 -472.0 502.0 -398.0 49.0 108.0 150.0
114.286 -471.0 504.0 -396.0 53.0 109.0 151.0
128.571 -470.0 505.0 -394.0 57.0 109.0 150.0
142.857 -469.0 507.0 -391.0 59.0 112.0 151.0
157.143 -468.0 508.0 -389.0 60.0 114.0 152.0
171.429 -467.0 510.0 -387.0 61.0 114.0 154.0
185.714 -467.0 512.0 -385.0 62.0 115.0 154.0
200.0 -466.0 513.0 -383.0 63.0 117.0 158.0
214.286 -465.0 515.0 -380.0 63.0 117.0 161.0
228.571 -464.0 517.0 -378.0 64.0 118.0 163.0
242.857 -463.0 518.0 -376.0 66.0 119.0 165.0
257.143 -462.0 520.0 -373.0 70.0 119.0 166.0
271.429 -461.0 522.0 -371.0 71.0 122.0 170.0
285.714 -460.0 523.0 -368.0 73.0 124.0 171.0
300.0 -459.0 525.0 -366.0 75.0 126.0 176.0
314.286 -458.0 527.0 -363.0 78.0 126.0 177.0
328.571 -457.0 529.0 -361.0 80.0 127.0 178.0
342.857 -456.0 531.0 -358.0 81.0 129.0 182.0
357.143 -454.0 533.0 -356.0 82.0 129.0 183.0
371.429 -453.0 534.0 -353.0 87.0 130.0 185.0
385.714 -452.0 536.0 -351.0 87.0 131.0 187.0
400.0 -451.0 538.0 -348.0 91.0 130.0 187.0
414.286 -449.0 540.0 -345.0 94.0 131.0 190.0
428.571 -448.0 542.0 -342.0 97.0 134.0 191.0
442.857 -447.0 544.0 -340.0 97.0 133.0 192.0
457.143 -445.0 546.0 -337.0 102.0 134.0 194.0
471.429 -444.0 548.0 -334.0 102.0 134.0 197.0
485.714 -442.0 550.0 -331.0 104.0 133.0 200.0
500.0 -441.0 551.0 -328.0 108.0 135.0 203.0
514.286 -439.0 553.0 -326.0 111.0 136.0 206.0
528.571 -438.0 555.0 -322.0 118.0 135.0 205.0
542.857 -436.0 557.0 -320.0 122.0 135.0 207.0
557.143 -434.0 559.0 -317.0 126.0 138.0 211.0
571.429 -432.0 561.0 -314.0 129.0 137.0 211.0
585.714 -431.0 563.0 -311.0 135.0 136.0 213.0
600.0 -428.0 565.0 -308.0 140.0 136.0 215.0
614.286 -427.0 567.0 -304.0 144.0 137.0 219.0
628.571 -424.0 569.0 -301.0 147.0 136.0 222.0
642.857 -422.0 571.0 -298.0 153.0 134.0 223.0
657.143 -420.0 573.0 -295.0 156.0 136.0 227.0
671.429 -418.0 575.0 -292.0 160.0 135.0 231.0
685.714 -415.0 577.0 -288.0 166.0 132.0 233.0
700.0 -413.0 579.0 -285.0 171.0 131.0 235.0
714.286 -410.0 580.0 -282.0 178.0 127.0 236.0
728.571 -408.0 582.0 -278.0 185.0 124.0 239.0
742.857 -405.0 584.0 -275.0 188.0 121.0 240.0
757.143 -403.0 586.0 -271.0 193.0 120.0 242.0
771.429 -400.0 587.0 -268.0 199.0 117.0 242.0
785.714 -397.0 589.0 -265.0 205.0 114.0 244.0
800.0 -394.0 591.0 -261.0 213.0 110.0 244.0
814.286 -391.0 592.0 -258.0 219.0 106.0 245.0
828.571 -388.0 594.0 -254.0 226.0 101.0 246.0
842.857 -384.0 595.0 -251.0 231.0 97.0 246.0
857.143 -381.0 596.0 -247.0 236.0 93.0 248.0
871.429 -377.0 598.0 -244.0 245.0 87.0 248.0
885.714 -374.0 599.0 -240.0 253.0 81.0 250.0
900.0 -370.0 600.0 -236.0 254.0 75.0 250.0
914.286 -367.0 601.0 -233.0 260.0 68.0 247.0
928.571 -363.0 602.0 -229.0 263.0 60.0 245.0
942.857 -359.0 603.0 -226.0 267.0 54.0 245.0
957.143 -355.0 603.0 -222.0 273.0 49.0 244.0
971.429 -351.0 604.0 -219.0 275.0 44.0 241.0
985.714 -347.0 605.0 -215.0 278.0 38.0 238.0
1000.0 -343.0 605.0 -212.0 280.0 32.0 237.0
1014.29 -339.0 606.0 -209.0 281.0 26.0 235.0
1028.57 -335.0 606.0 -205.0 281.0 20.0 232.0
1042.86 -331.0 606.0 -202.0 284.0 14.0 229.0
1057.14 -327.0 606.0 -199.0 285.0 7.0 224.0
1071.43 -323.0 606.0 -196.0 287.0 2.0 220.0
1085.71 -319.0 606.0 -192.0 288.0 -3.0 219.0
1100.0 -315.0 606.0 -189.0 288.0 -9.0 215.0
1114.29 -311.0 606.0 -186.0 286.0 -14.0 211.0
1128.57 -307.0 606.0 -183.0 286.0 -19.0 207.0
1142.86 -303.0 605.0 -180.0 286.0 -25.0 204.0
1157.14 -299.0 605.0 -178.0 286.0 -31.0 200.0
1171.43 -295.0 605.0 -175.0 286.0 -34.0 199.0
1185.71 -290.0 604.0 -172.0 284.0 -41.0 194.0
1200.0 -286.0 603.0 -169.0 283.0 -45.0 190.0
1214.29 -282.0 603.0 -166.0 281.0 -53.0 187.0
1228.57 -278.0 602.0 -164.0 280.0 -57.0 186.0
1242.86 -274.0 601.0 -161.0 279.0 -60.0 182.0
1257.14 -270.0 600.0 -159.0 277.0 -64.0 179.0
1271.43 -266.0 599.0 -156.0 274.0 -66.0 179.0
1285.71 -263.0 598.0 -154.0 271.0 -69.0 176.0
1300.0 -259.0 597.0 -151.0 270.0 -72.0 173.0
1314.29 -255.0 596.0 -149.0 270.0 -76.0 171.0
1328.57 -251.0 595.0 -146.0 268.0 -77.0 169.0
1342.86 -247.0 594.0 -144.0 265.0 -79.0 166.0
1357.14 -243.0 593.0 -141.0 263.0 -81.0 164.0
1371.43 -240.0 592.0 -139.0 263.0 -83.0 163.0
1385.71 -236.0 591.0 -137.0 261.0 -88.0 159.0
1400.0 -232.0 589.0 -135.0 258.0 -92.0 156.0
1414.29 -228.0 588.0 -132.0 256.0 -95.0 154.0
1428.57 -225.0 587.0 -130.0 257.0 -96.0 150.0
1442.86 -221.0 585.0 -128.0 252.0 -99.0 147.0
1457.14 -218.0 584.0 -126.0 248.0 -102.0 144.0
1471.43 -214.0 582.0 -124.0 248.0 -103.0 143.0
1485.71 -211.0 581.0 -122.0 247.0 -106.0 141.0
1500.0 -207.0 579.0 -120.0 245.0 -108.0 139.0
1514.29 -204.0 578.0 -118.0 242.0 -109.0 137.0
1528.57 -200.0 576.0 -116.0 241.0 -111.0 134.0
1542.86 -197.0 575.0 -114.0 238.0 -114.0 132.0
1557.14 -193.0 573.0 -112.0 238.0 -114.0 130.0
1571.43 -190.0 571.0 -110.0 237.0 -116.0 130.0
1585.71 -187.0 570.0 -109.0 235.0 -117.0 128.0
1600.0 -183.0 568.0 -107.0 234.0 -117.0 126.0
1614.29 -180.0 566.0 -105.0 232.0 -119.0 124.0
1628.57 -177.0 565.0 -103.0 228.0 -119.0 123.0
1642.86 -173.0 563.0 -101.0 227.0 -123.0 119.0
1657.14 -170.0 561.0 -100.0 224.0 -123.0 120.0
1671.43 -167.0 559.0 -98.0 222.0 -124.0 119.0
1685.71 -164.0 558.0 -96.0 223.0 -125.0 117.0
1700.0 -161.0 556.0 -95.0 218.0 -130.0 114.0
1714.29 -157.0 554.0 -93.0 217.0 -131.0 112.0
1728.57 -154.0 552.0 -92.0 214.0 -131.0 112.0
1742.86 -151.0 550.0 -90.0 213.0 -134.0 109.0
1757.14 -148.0 548.0 -88.0 211.0 -135.0 109.0
1771.43 -145.0 546.0 -87.0 210.0 -135.0 106.0
1785.71 -142.0 544.0 -85.0 207.0 -135.0 105.0
1800.0 -139.0 542.0 -84.0 206.0 -136.0 103.0
1814.29 -136.0 540.0 -82.0 205.0 -138.0 101.0
1828.57 -133.0 538.0 -81.0 202.0 -139.0 101.0
1842.86 -131.0 536.0 -80.0 200.0 -140.0 99.0
1857.14 -128.0 534.0 -78.0 199.0 -142.0 98.0
1871.43 -125.0 532.0 -77.0 198.0 -142.0 96.0
1885.71 -122.0 530.0 -75.0 198.0 -143.0 94.0
1900.0 -119.0 528.0 -74.0 195.0 -145.0 95.0
1914.29 -116.0 526.0 -73.0 194.0 -147.0 93.0
1928.57 -114.0 524.0 -71.0 191.0 -148.0 90.0
1942.86 -111.0 522.0 -70.0 191.0 -148.0 89.0
1957.14 -108.0 520.0 -69.0 189.0 -151.0 88.0
1971.43 -106.0 518.0 -68.0 187.0 -153.0 85.0
1985.71 -103.0 515.0 -66.0 185.0 -154.0 87.0
2000.0 -100.0 513.0 -65.0 183.0 -155.0 84.0
2014.29 -98.0 511.0 -64.0 181.0 -156.0 84.0
2028.57 -95.0 509.0 -63.0 177.0 -157.0 84.0
2042.86 -93.0 507.0 -62.0 176.0 -158.0 80.0
2057.14 -90.0 504.0 -60.0 173.0 -158.0 80.0
2071.43 -88.0 502.0 -59.0 171.0 -158.0 80.0
2085.71 -85.0 500.0 -58.0 169.0 -158.0 79.0
2100.0 -83.0 498.0 -57.0 170.0 -158.0 76.0
2114.29 -80.0 495.0 -56.0 168.0 -157.0 77.0
2128.57 -78.0 493.0 -55.0 167.0 -159.0 74.0
2142.86 -76.0 491.0 -54.0 168.0 -157.0 73.0
2157.14 -73.0 489.0 -53.0 166.0 -157.0 70.0
2171.43 -71.0 486.0 -52.0 163.0 -160.0 69.0
2185.71 -69.0 484.0 -51.0 160.0 -161.0 69.0
2200.0 -66.0 482.0 -50.0 157.0 -161.0 69.0
2214.29 -64.0 479.0 -49.0 157.0 -161.0 68.0
2228.57 -62.0 477.0 -48.0 155.0 -163.0 68.0
2242.86 -60.0 475.0 -47.0 155.0 -165.0 68.0
2257.14 -57.0 472.0 -46.0 155.0 -165.0 66.0
2271.43 -55.0 470.0 -45.0 153.0 -165.0 65.0
2285.71 -53.0 468.0 -44.0 150.0 -165.0 63.0
2300.0 -51.0 465.0 -43.0 149.0 -165.0 64.0
2314.29 -49.0 463.0 -42.0 151.0 -168.0 59.0
2328.57 -47.0 460.0 -42.0 148.0 -168.0 59.0
2342.86 -44.0 458.0 -41.0 148.0 -169.0 58.0
2357.14 -42.0 456.0 -40.0 144.0 -170.0 58.0
2371.43 -40.0 453.0 -39.0 143.0 -171.0 57.0
2385.71 -38.0 451.0 -38.0 141.0 -171.0 59.0
2400.0 -36.0 448.0 -37.0 138.0 -172.0 58.0
2414.29 -34.0 446.0 -37.0 137.0 -171.0 57.0
2428.57 -32.0 443.0 -36.0 135.0 -171.0 56.0
2442.86 -31.0 441.0 -35.0 134.0 -171.0 57.0
2457.14 -29.0 439.0 -34.0 133.0 -172.0 55.0
2471.43 -27.0 436.0 -33.0 130.0 -173.0 54.0
2485.71 -25.0 434.0 -33.0 129.0 -173.0 54.0
2500.0 -23.0 431.0 -32.0 124.0 -176.0 52.0
2514.29 -21.0 429.0 -31.0 124.0 -176.0 51.0
2528.57 -19.0 426.0 -30.0 123.0 -176.0 50.0
2542.86 -18.0 424.0 -30.0 121.0 -177.0 51.0
2557.14 -16.0 421.0 -29.0 119.0 -178.0 49.0
2571.43 -14.0 418.0 -28.0 116.0 -179.0 47.0
2585.71 -13.0 416.0 -28.0 116.0 -180.0 46.0
2600.0 -11.0 413.0 -27.0 115.0 -182.0 45.0
2614.29 -9.0 411.0 -26.0 113.0 -182.0 45.0
2628.57 -8.0 408.0 -26.0 113.0 -184.0 44.0
2642.86 -6.0 405.0 -25.0 111.0 -186.0 44.0
2657.14 -5.0 403.0 -24.0 111.0 -187.0 43.0
2671.43 -3.0 400.0 -24.0 107.0 -187.0 42.0
2685.71 -2.0 397.0 -23.0 105.0 -188.0 41.0
2700.0 -0.0 395.0 -23.0 106.0 -188.0 39.0
2714.29 1.0 392.0 -22.0 103.0 -187.0 38.0
2728.57 3.0 389.0 -22.0 102.0 -187.0 37.0
2742.86 4.0 387.0 -21.0 102.0 -187.0 36.0
2757.14 6.0 384.0 -21.0 99.0 -187.0 37.0
2771.43 7.0 381.0 -20.0 100.0 -189.0 33.0
2785.71 9.0 379.0 -19.0 98.0 -190.0 33.0
2800.0 10.0 376.0 -19.0 95.0 -192.0 33.0
2814.29 11.0 373.0 -19.0 94.0 -193.0 32.0
2828.57 13.0 370.0 -18.0 92.0 -195.0 32.0
2842.86 14.0 368.0 -18.0 90.0 -196.0 31.0
2857.14 15.0 365.0 -17.0 89.0 -196.0 30.0
2871.43 16.0 362.0 -17.0 84.0 -198.0 28.0
2885.71 18.0 359.0 -16.0 84.0 -199.0 28.0
2900.0 19.0 356.0 -16.0 79.0 -199.0 28.0
2914.29 20.0 354.0 -16.0 78.0 -199.0 26.0
2928.57 21.0 351.0 -15.0 77.0 -200.0 25.0
2942.86 22.0 348.0 -15.0 75.0 -201.0 24.0
2957.14 23.0 345.0 -15.0 73.0 -201.0 23.0
2971.43 24.0 342.0 -14.0 72.0 -202.0 23.0
2985.71 25.0 339.0 -14.0 71.0 -202.0 23.0
3000.0 26.0 336.0 -13.0 69.0 -203.0 22.0
3014.29 27.0 333.0 -13.0 64.0 -204.0 23.0
3028.57 28.0 330.0 -13.0 64.0 -206.0 21.0
3042.86 29.0 327.0 -13.0 62.0 -207.0 21.0
3057.14 30.0 325.0 -12.0 62.0 -209.0 18.0
3071.43 31.0 322.0 -12.0 58.0 -208.0 19.0
3085.71 32.0 319.0 -12.0 56.0 -209.0 19.0
3100.0 32.0 316.0 -11.0 54.0 -210.0 18.0
3114.29 33.0 313.0 -11.0 53.0 -211.0 17.0
3128.57 34.0 310.0 -11.0 51.0 -214.0 15.0
3142.86 35.0 307.0 -11.0 48.0 -214.0 15.0
3157.14 35.0 303.0 -11.0 46.0 -214.0 15.0
3171.43 36.0 300.0 -10.0 44.0 -214.0 12.0
3185.71 36.0 297.0 -10.0 41.0 -215.0 12.0
3200.0 37.0 294.0 -10.0 38.0 -215.0 10.0
3214.29 38.0 291.0 -10.0 37.0 -218.0 9.0
3228.57 38.0 288.0 -10.0 33.0 -220.0 9.0
3242.86 38.0 285.0 -10.0 28.0 -221.0 8.0
3257.14 39.0 282.0 -10.0 26.0 -222.0 5.0
3271.43 39.0 278.0 -10.0 23.0 -223.0 4.0
3285.71 40.0 275.0 -9.0 21.0 -223.0 3.0
3300.0 40.0 272.0 -9.0 19.0 -223.0 4.0
3314.29 40.0 269.0 -9.0 14.0 -224.0 3.0
3328.57 40.0 266.0 -9.0 13.0 -225.0 2.0
3342.86 40.0 263.0 -9.0 9.0 -227.0 1.0
3357.14 40.0 259.0 -9.0 5.0 -228.0 -1.0
3371.43 40.0 256.0 -9.0 2.0 -229.0 -1.0
3385.71 40.0 253.0 -9.0 -2.0 -230.0 -1.0
3400.0 41.0 249.0 -9.0 -6.0 -230.0 -4.0
3414.29 40.0 246.0 -9.0 -10.0 -231.0 -5.0
3428.57 40.0 243.0 -10.0 -13.0 -232.0 -7.0
3442.86 40.0 240.0 -10.0 -18.0 -234.0 -10.0
3457.14 40.0 236.0 -10.0 -21.0 -235.0 -11.0
3471.43 39.0 233.0 -10.0 -25.0 -235.0 -12.0
3485.71 39.0 229.0 -10.0 -28.0 -237.0 -13.0
3500.0 39.0 226.0 -10.0 -32.0 -239.0 -14.0
3514.29 38.0 223.0 -11.0 -36.0 -239.0 -14.0
3528.57 38.0 219.0 -11.0 -39.0 -241.0 -15.0
3542.86 37.0 216.0 -11.0 -43.0 -243.0 -17.0
3557.14 36.0 212.0 -11.0 -49.0 -244.0 -19.0
3571.43 36.0 209.0 -12.0 -54.0 -245.0 -20.0
3585.71 35.0 205.0 -12.0 -59.0 -247.0 -24.0
3600.0 34.0 202.0 -12.0 -64.0 -247.0 -24.0
3614.29 33.0 198.0 -12.0 -68.0 -247.0 -27.0
3628.57 32.0 195.0 -13.0 -75.0 -247.0 -28.0
3642.86 31.0 191.0 -13.0 -80.0 -246.0 -32.0
3657.14 30.0 188.0 -14.0 -87.0 -246.0 -35.0
3671.43 28.0 184.0 -14.0 -94.0 -246.0 -35.0
3685.71 27.0 181.0 -15.0 -101.0 -246.0 -37.0
3700.0 25.0 177.0 -15.0 -107.0 -244.0 -42.0
3714.29 24.0 174.0 -16.0 -113.0 -243.0 -44.0
3728.57 22.0 170.0 -17.0 -121.0 -241.0 -47.0
3742.86 20.0 167.0 -17.0 -128.0 -241.0 -48.0
3757.14 19.0 163.0 -18.0 -137.0 -239.0 -53.0
3771.43 17.0 160.0 -19.0 -143.0 -235.0 -53.0
3785.71 14.0 157.0 -20.0 -152.0 -232.0 -57.0
3800.0 12.0 153.0 -20.0 -158.0 -229.0 -61.0
3814.29 10.0 150.0 -21.0 -166.0 -224.0 -64.0
3828.57 8.0 147.0 -22.0 -173.0 -220.0 -67.0
3842.86 5.0 144.0 -23.0 -179.0 -216.0 -69.0
3857.14 2.0 141.0 -24.0 -188.0 -210.0 -72.0
3871.43 -0.0 138.0 -25.0 -194.0 -205.0 -73.0
3885.71 -3.0 135.0 -26.0 -201.0 -201.0 -74.0
3900.0 -6.0 132.0 -27.0 -206.0 -195.0 -75.0
3914.29 -9.0 129.0 -28.0 -213.0 -187.0 -80.0
3928.57 -12.0 127.0 -30.0 -220.0 -179.0 -81.0
3942.86 -15.0 124.0 -31.0 -224.0 -169.0 -82.0
3957.14 -19.0 122.0 -32.0 -230.0 -159.0 -84.0
3971.43 -22.0 120.0 -33.0 -237.0 -150.0 -84.0
3985.71 -25.0 118.0 -34.0 -242.0 -139.0 -85.0
4000.0 -29.0 116.0 -36.0 -246.0 -129.0 -86.0
4014.29 -32.0 114.0 -37.0 -251.0 -119.0 -86.0
4028.57 -36.0 112.0 -38.0 -254.0 -108.0 -84.0
4042.86 -40.0 111.0 -39.0 -255.0 -96.0 -83.0
4057.14 -43.0 110.0 -40.0 -260.0 -84.0 -82.0
4071.43 -47.0 108.0 -42.0 -260.0 -70.0 -79.0
4085.71 -51.0 108.0 -43.0 -258.0 -56.0 -77.0
4100.0 -54.0 107.0 -44.0 -257.0 -43.0 -77.0
4114.29 -58.0 106.0 -45.0 -254.0 -31.0 -74.0
4128.57 -62.0 106.0 -46.0 -253.0 -16.0 -70.0
4142.86 -65.0 106.0 -47.0 -251.0 -2.0 -67.0
4157.14 -69.0 106.0 -48.0 -246.0 12.0 -62.0
4171.43 -72.0 106.0 -49.0 -239.0 27.0 -59.0
4185.71 -76.0 107.0 -49.0 -235.0 42.0 -55.0
4200.0 -79.0 107.0 -50.0 -227.0 55.0 -52.0
4214.29 -82.0 108.0 -51.0 -219.0 69.0 -47.0
4228.57 -85.0 109.0 -52.0 -209.0 81.0 -44.0
4242.86 -88.0 111.0 -52.0 -202.0 94.0 -41.0
4257.14 -91.0 112.0 -53.0 -191.0 104.0 -37.0
4271.43 -94.0 114.0 -53.0 -179.0 116.0 -31.0
4285.71 -96.0 115.0 -54.0 -166.0 124.0 -29.0
4300.0 -98.0 117.0 -54.0 -154.0 133.0 -23.0
4314.29 -100.0 119.0 -54.0 -141.0 138.0 -21.0
4328.57 -102.0 121.0 -55.0 -128.0 145.0 -16.0
4342.86 -104.0 123.0 -55.0 -115.0 150.0 -13.0
4357.14 -106.0 125.0 -55.0 -104.0 155.0 -10.0
4371.43 -107.0 128.0 -55.0 -93.0 160.0 -5.0
4385.71 -108.0 130.0 -55.0 -79.0 162.0 -3.0
4400.0 -109.0 132.0 -55.0 -69.0 165.0 1.0
4414.29 -110.0 135.0 -55.0 -58.0 167.0 4.0
4428.57 -111.0 137.0 -55.0 -47.0 169.0 7.0
4442.86 -112.0 139.0 -55.0 -36.0 169.0 9.0
4457.14 -112.0 142.0 -55.0 -26.0 169.0 11.0
4471.43 -112.0 144.0 -55.0 -17.0 170.0 14.0
4485.71 -112.0 147.0 -54.0 -7.0 168.0 15.0
4500.0 -113.0 149.0 -54.0 2.0 169.0 17.0
4514.29 -112.0 152.0 -54.0 8.0 168.0 19.0
4528.57 -112.0 154.0 -54.0 19.0 167.0 20.0
4542.86 -112.0 156.0 -53.0 26.0 167.0 22.0
4557.14 -112.0 159.0 -53.0 32.0 166.0 24.0
4571.43 -111.0 161.0 -53.0 40.0 165.0 26.0
4585.71 -110.0 163.0 -52.0 48.0 164.0 28.0
4600.0 -110.0 166.0 -52.0 55.0 162.0 29.0
4614.29 -109.0 168.0 -51.0 60.0 161.0 30.0
4628.57 -108.0 170.0 -51.0 66.0 162.0 29.0
4642.86 -107.0 173.0 -51.0 72.0 160.0 31.0
4657.14 -106.0 175.0 -50.0 78.0 157.0 31.0
4671.43 -105.0 177.0 -50.0 84.0 157.0 35.0
4685.71 -104.0 179.0 -49.0 90.0 155.0 35.0
4700.0 -102.0 182.0 -49.0 95.0 154.0 37.0
4714.29 -101.0 184.0 -48.0 101.0 154.0 40.0
4728.57 -99.0 186.0 -48.0 106.0 152.0 41.0
4742.86 -98.0 188.0 -47.0 112.0 149.0 43.0
4757.14 -96.0 190.0 -46.0 119.0 148.0 45.0
4771.43 -94.0 192.0 -46.0 122.0 148.0 47.0
4785.71 -93.0 194.0 -45.0 125.0 146.0 50.0
4800.0 -91.0 197.0 -44.0 132.0 143.0 52.0
4814.29 -89.0 199.0 -44.0 136.0 142.0 54.0
4828.57 -87.0 201.0 -43.0 140.0 142.0 55.0
4842.86 -85.0 203.0 -42.0 145.0 139.0 56.0
4857.14 -83.0 205.0 -41.0 148.0 137.0 60.0
4871.43 -81.0 207.0 -40.0 151.0 135.0 62.0
4885.71 -78.0 208.0 -39.0 156.0 133.0 64.0
4900.0 -76.0 210.0 -38.0 160.0 132.0 66.0
4914.29 -74.0 212.0 -37.0 162.0 132.0 69.0
4928.57 -72.0 214.0 -36.0 167.0 129.0 72.0
4942.86 -69.0 216.0 -35.0 169.0 128.0 75.0
4957.14 -67.0 218.0 -34.0 174.0 127.0 78.0
4971.43 -64.0 219.0 -33.0 178.0 125.0 81.0
4985.71 -62.0 221.0 -32.0 180.0 123.0 81.0
5000.0 -59.0 223.0 -31.0 183.0 123.0 86.0
5014.29 -56.0 225.0 -30.0 188.0 123.0 90.0
5028.57 -54.0 227.0 -28.0 190.0 123.0 94.0
5042.86 -51.0 228.0 -27.0 195.0 120.0 98.0
5057.14 -48.0 230.0 -25.0 199.0 122.0 102.0
5071.43 -45.0 232.0 -24.0 206.0 120.0 107.0
5085.71 -42.0 233.0 -22.0 208.0 120.0 112.0
5100.0 -39.0 235.0 -21.0 214.0 117.0 119.0
5114.29 -36.0 237.0 -19.0 218.0 116.0 128.0
5128.57 -33.0 238.0 -17.0 227.0 116.0 135.0
5142.86 -30.0 240.0 -15.0 230.0 113.0 144.0
5157.14 -26.0 242.0 -13.0 235.0 110.0 155.0
5171.43 -23.0 243.0 -11.0 238.0 106.0 168.0
5185.71 -20.0 245.0 -8.0 246.0 102.0 181.0
5200.0 -16.0 246.0 -6.0 249.0 97.0 195.0
5214.29 -12.0 247.0 -3.0 254.0 87.0 212.0
5228.57 -9.0 248.0 1.0 255.0 73.0 229.0
5242.86 -5.0 249.0 4.0 253.0 57.0 245.0
5257.14 -2.0 250.0 8.0 250.0 38.0 261.0
5271.43 2.0 251.0 11.0 242.0 17.0 270.0
5285.71 5.0 251.0 15.0 231.0 -5.0 276.0
5300.0 9.0 251.0 19.0 221.0 -24.0 276.0
5314.29 12.0 250.0 23.0 209.0 -41.0 275.0
5328.57 15.0 249.0 27.0 199.0 -55.0 271.0
5342.86 17.0 248.0 31.0 189.0 -69.0 266.0
5357.14 20.0 247.0 35.0 179.0 -79.0 259.0
5371.43 22.0 246.0 38.0 170.0 -88.0 250.0
5385.71 25.0 245.0 42.0 163.0 -95.0 243.0
5400.0 27.0 243.0 45.0 156.0 -102.0 237.0
5414.29 29.0 242.0 49.0 148.0 -105.0 228.0
5428.57 31.0 240.0 52.0 142.0 -111.0 220.0
5442.86 33.0 239.0 55.0 137.0 -114.0 213.0
5457.14 35.0 237.0 58.0 132.0 -119.0 205.0
5471.43 37.0 235.0 61.0 128.0 -123.0 199.0
5485.71 39.0 234.0 63.0 122.0 -126.0 191.0
5500.0 41.0 232.0 66.0 118.0 -130.0 184.0
5514.29 42.0 230.0 69.0 114.0 -133.0 177.0
5528.57 44.0 228.0 71.0 110.0 -137.0 171.0
5542.86 45.0 226.0 74.0 105.0 -138.0 167.0
5557.14 47.0 224.0 76.0 100.0 -141.0 160.0
5571.43 48.0 222.0 78.0 96.0 -141.0 156.0
5585.71 49.0 220.0 80.0 93.0 -142.0 149.0
5600.0 51.0 218.0 83.0 88.0 -144.0 143.0
5614.29 52.0 216.0 84.0 86.0 -146.0 137.0
5628.57 54.0 214.0 87.0 83.0 -147.0 132.0
5642.86 55.0 212.0 88.0 79.0 -149.0 128.0
5657.14 56.0 210.0 90.0 76.0 -150.0 122.0
5671.43 57.0 207.0 92.0 74.0 -153.0 118.0
5685.71 58.0 205.0 94.0 70.0 -154.0 113.0
5700.0 59.0 203.0 95.0 66.0 -155.0 110.0
5714.29 60.0 201.0 97.0 64.0 -157.0 104.0
5728.57 61.0 199.0 98.0 61.0 -158.0 99.0
5742.86 61.0 196.0 99.0 59.0 -159.0 95.0
5757.14 62.0 194.0 101.0 56.0 -160.0 90.0
5771.43 63.0 192.0 102.0 52.0 -161.0 86.0
5785.71 64.0 189.0 103.0 52.0 -162.0 81.0
5800.0 64.0 187.0 104.0 47.0 -163.0 76.0
5814.29 65.0 185.0 105.0 45.0 -162.0 71.0
5828.57 66.0 182.0 106.0 43.0 -164.0 67.0
5842.86 66.0 180.0 107.0 40.0 -166.0 61.0
5857.14 67.0 178.0 108.0 35.0 -167.0 58.0
5871.43 67.0 176.0 108.0 34.0 -167.0 52.0
5885.71 68.0 173.0 110.0 31.0 -168.0 49.0
5900.0 69.0 170.0 111.0 27.0 -168.0 43.0
5914.29 69.0 168.0 111.0 24.0 -167.0 40.0
5928.57 69.0 165.0 112.0 21.0 -167.0 37.0
5942.86 69.0 163.0 112.0 19.0 -167.0 32.0
5957.14 70.0 161.0 113.0 16.0 -167.0 26.0
5971.43 70.0 158.0 113.0 15.0 -167.0 22.0
5985.71 69.0 156.0 112.0 11.0 -169.0 17.0
6000.0 70.0 154.0 114.0 8.0 -168.0 12.0
6014.29 70.0 152.0 113.0 8.0 -167.0 7.0
6028.57 70.0 149.0 114.0 5.0 -166.0 3.0
6042.86 70.0 147.0 114.0 2.0 -166.0 -1.0
6057.14 71.0 144.0 114.0 -2.0 -166.0 -5.0
6071.43 70.0 142.0 113.0 -2.0 -166.0 -10.0
6085.71 70.0 139.0 114.0 -7.0 -165.0 -15.0
6100.0 70.0 137.0 113.0 -7.0 -164.0 -20.0
6114.29 70.0 135.0 112.0 -11.0 -162.0 -25.0
6128.57 70.0 132.0 113.0 -17.0 -162.0 -31.0
6142.86 69.0 130.0 112.0 -16.0 -161.0 -35.0
6157.14 69.0 128.0 111.0 -20.0 -160.0 -43.0
6171.43 69.0 126.0 111.0 -23.0 -158.0 -47.0
6185.71 69.0 123.0 110.0 -26.0 -159.0 -52.0
6200.0 68.0 121.0 109.0 -27.0 -156.0 -58.0
6214.29 68.0 119.0 108.0 -29.0 -156.0 -63.0
6228.57 67.0 117.0 107.0 -32.0 -153.0 -70.0
6242.86 67.0 115.0 106.0 -36.0 -150.0 -73.0
6257.14 67.0 112.0 105.0 -38.0 -149.0 -81.0
6271.43 66.0 110.0 104.0 -42.0 -145.0 -87.0
6285.71 65.0 108.0 103.0 -44.0 -142.0 -95.0
6300.0 65.0 106.0 101.0 -47.0 -140.0 -100.0
6314.29 64.0 104.0 100.0 -50.0 -137.0 -107.0
6328.57 63.0 102.0 98.0 -53.0 -132.0 -113.0
6342.86 62.0 101.0 96.0 -57.0 -128.0 -120.0
6357.14 61.0 99.0 94.0 -61.0 -126.0 -126.0
6371.43 60.0 97.0 92.0 -65.0 -121.0 -135.0
6385.71 59.0 95.0 91.0 -66.0 -118.0 -140.0
6400.0 58.0 93.0 88.0 -69.0 -113.0 -145.0
6414.29 58.0 92.0 86.0 -71.0 -108.0 -152.0
6428.57 56.0 90.0 84.0 -74.0 -103.0 -158.0
6442.86 55.0 89.0 82.0 -76.0 -99.0 -166.0
6457.14 54.0 87.0 79.0 -79.0 -92.0 -170.0
6471.43 53.0 86.0 77.0 -82.0 -85.0 -177.0
6485.71 51.0 85.0 74.0 -83.0 -78.0 -184.0
6500.0 50.0 84.0 72.0 -86.0 -72.0 -192.0
6514.29 49.0 83.0 69.0 -92.0 -63.0 -198.0
6528.57 48.0 82.0 66.0 -94.0 -56.0 -205.0
6542.86 46.0 81.0 62.0 -95.0 -46.0 -211.0
6557.14 45.0 81.0 60.0 -98.0 -37.0 -218.0
6571.43 43.0 80.0 56.0 -99.0 -26.0 -223.0
6585.71 42.0 80.0 54.0 -99.0 -16.0 -227.0
6600.0 40.0 80.0 50.0 -101.0 -6.0 -234.0
6614.29 39.0 80.0 46.0 -104.0 7.0 -239.0
6628.57 37.0 80.0 42.0 -105.0 18.0 -242.0
6642.86 36.0 81.0 39.0 -104.0 32.0 -247.0
6657.14 34.0 81.0 35.0 -106.0 48.0 -247.0
6671.43 33.0 82.0 32.0 -103.0 63.0 -250.0
6685.71 31.0 83.0 28.0 -103.0 78.0 -251.0
6700.0 29.0 85.0 24.0 -101.0 95.0 -250.0
6714.29 28.0 86.0 21.0 -97.0 111.0 -247.0
6728.57 26.0 88.0 17.0 -94.0 127.0 -244.0
6742.86 25.0 90.0 13.0 -90.0 141.0 -240.0
6757.14 24.0 92.0 10.0 -85.0 156.0 -232.0
6771.43 23.0 94.0 7.0 -78.0 168.0 -222.0
6785.71 22.0 96.0 4.0 -75.0 181.0 -213.0
6800.0 21.0 99.0 1.0 -66.0 189.0 -201.0
6814.29 20.0 102.0 -2.0 -61.0 200.0 -186.0
6828.57 19.0 105.0 -5.0 -55.0 207.0 -176.0
6842.86 18.0 108.0 -7.0 -46.0 213.0 -161.0
6857.14 17.0 111.0 -9.0 -39.0 217.0 -148.0
6871.43 17.0 114.0 -11.0 -32.0 220.0 -136.0
6885.71 17.0 117.0 -13.0 -25.0 224.0 -125.0
6900.0 16.0 120.0 -15.0 -20.0 224.0 -110.0
6914.29 16.0 123.0 -16.0 -15.0 224.0 -101.0
6928.57 16.0 127.0 -18.0 -9.0 225.0 -89.0
6942.86 16.0 130.0 -19.0 -3.0 223.0 -78.0
6957.14 15.0 133.0 -20.0 1.0 220.0 -67.0
6971.43 15.0 136.0 -21.0 7.0 217.0 -58.0
6985.71 16.0 139.0 -22.0 12.0 214.0 -48.0
7000.0 16.0 142.0 -22.0 18.0 210.0 -38.0
7014.29 16.0 146.0 -23.0 24.0 207.0 -28.0
7028.57 16.0 148.0 -23.0 26.0 203.0 -22.0
7042.86 17.0 151.0 -23.0 29.0 198.0 -14.0
7057.14 18.0 154.0 -23.0 34.0 195.0 -5.0
7071.43 18.0 156.0 -23.0 37.0 190.0 2.0
7085.71 18.0 160.0 -24.0 40.0 187.0 8.0
7100.0 19.0 162.0 -23.0 43.0 183.0 14.0
7114.29 20.0 165.0 -23.0 47.0 178.0 20.0
7128.57 20.0 167.0 -23.0 50.0 173.0 28.0
7142.86 21.0 169.0 -22.0 52.0 168.0 34.0
7157.14 22.0 172.0 -22.0 55.0 162.0 40.0
7171.43 23.0 174.0 -21.0 58.0 155.0 44.0
7185.71 23.0 176.0 -21.0 60.0 152.0 49.0
7200.0 25.0 179.0 -20.0 60.0 147.0 55.0
7214.29 25.0 180.0 -19.0 63.0 143.0 59.0
7228.57 26.0 183.0 -18.0 66.0 138.0 66.0
7242.86 27.0 184.0 -17.0 66.0 132.0 72.0
7257.14 28.0 186.0 -16.0 70.0 126.0 73.0
7271.43 29.0 188.0 -15.0 71.0 121.0 78.0
7285.71 30.0 189.0 -13.0 74.0 117.0 82.0
7300.0 32.0 191.0 -12.0 78.0 110.0 86.0
7314.29 33.0 193.0 -11.0 79.0 105.0 90.0
7328.57 34.0 194.0 -10.0 79.0 100.0 92.0
7342.86 35.0 196.0 -9.0 81.0 94.0 96.0
7357.14 36.0 197.0 -7.0 83.0 89.0 100.0
7371.43 37.0 198.0 -6.0 84.0 83.0 103.0
7385.71 39.0 199.0 -4.0 85.0 76.0 106.0
7400.0 40.0 200.0 -3.0 86.0 71.0 107.0
7414.29 41.0 201.0 -1.0 88.0 66.0 113.0
7428.57 42.0 202.0 1.0 90.0 61.0 116.0
7442.86 44.0 203.0 2.0 92.0 56.0 119.0
7457.14 45.0 204.0 4.0 90.0 50.0 120.0
7471.43 46.0 205.0 6.0 92.0 44.0 124.0
7485.71 47.0 205.0 7.0 95.0 38.0 125.0
7500.0 49.0 205.0 9.0 95.0 30.0 127.0
7514.29 50.0 206.0 11.0 97.0 27.0 129.0
7528.57 52.0 206.0 13.0 97.0 19.0 128.0
7542.86 53.0 206.0 15.0 98.0 14.0 132.0
7557.14 54.0 206.0 17.0 97.0 7.0 133.0
7571.43 56.0 207.0 19.0 99.0 1.0 136.0
7585.71 57.0 206.0 21.0 99.0 -5.0 136.0
7600.0 59.0 206.0 23.0 98.0 -12.0 139.0
7614.29 60.0 206.0 25.0 101.0 -16.0 140.0
7628.57 61.0 206.0 27.0 99.0 -23.0 141.0
7642.86 63.0 205.0 29.0 99.0 -28.0 142.0
7657.14 64.0 205.0 31.0 100.0 -35.0 144.0
7671.43 66.0 204.0 33.0 101.0 -42.0 146.0
7685.71 67.0 204.0 35.0 99.0 -47.0 146.0
7700.0 69.0 203.0 37.0 98.0 -55.0 146.0
7714.29 70.0 202.0 39.0 98.0 -62.0 148.0
7728.57 71.0 202.0 41.0 99.0 -67.0 149.0
7742.86 73.0 200.0 44.0 98.0 -72.0 148.0
7757.14 74.0 200.0 46.0 99.0 -77.0 150.0
7771.43 76.0 197.0 48.0 99.0 -87.0 151.0
7785.71 77.0 197.0 50.0 100.0 -93.0 149.0
7800.0 79.0 196.0 52.0 100.0 -100.0 148.0
7814.29 80.0 193.0 54.0 98.0 -106.0 147.0
7828.57 81.0 192.0 57.0 99.0 -113.0 149.0
7842.86 83.0 191.0 59.0 97.0 -121.0 150.0
7857.14 84.0 189.0 61.0 97.0 -129.0 148.0
7871.43 86.0 186.0 63.0 95.0 -139.0 146.0
7885.71 87.0 184.0 65.0 97.0 -146.0 148.0
7900.0 88.0 182.0 67.0 96.0 -153.0 146.0
7914.29 90.0 179.0 70.0 94.0 -160.0 145.0
7928.57 91.0 177.0 72.0 92.0 -170.0 144.0
7942.86 93.0 175.0 74.0 92.0 -180.0 142.0
7957.14 94.0 172.0 76.0 91.0 -184.0 139.0
7971.43 95.0 169.0 78.0 88.0 -195.0 136.0
7985.71 97.0 166.0 80.0 88.0 -203.0 136.0
8000.0 98.0 164.0 82.0 86.0 -210.0 132.0
8014.29 99.0 160.0 84.0 82.0 -220.0 127.0
8028.57 100.0 156.0 86.0 79.0 -231.0 124.0
8042.86 102.0 153.0 88.0 76.0 -243.0 120.0
8057.14 103.0 148.0 90.0 73.0 -253.0 114.0
8071.43 104.0 146.0 91.0 71.0 -259.0 108.0
8085.71 105.0 141.0 93.0 65.0 -269.0 100.0
8100.0 106.0 137.0 95.0 61.0 -278.0 93.0
8114.29 107.0 133.0 96.0 55.0 -283.0 85.0
8128.57 107.0 128.0 97.0 51.0 -292.0 74.0
8142.86 108.0 124.0 98.0 46.0 -300.0 65.0
8157.14 108.0 120.0 99.0 40.0 -305.0 53.0
8171.43 109.0 115.0 99.0 34.0 -310.0 40.0
8185.71 110.0 110.0 100.0 27.0 -316.0 25.0
8200.0 110.0 107.0 100.0 20.0 -315.0 13.0
8214.29 110.0 101.0 100.0 13.0 -321.0 -2.0
8228.57 110.0 96.0 100.0 5.0 -322.0 -17.0
8242.86 110.0 92.0 100.0 -3.0 -322.0 -33.0
8257.14 110.0 88.0 99.0 -10.0 -313.0 -47.0
8271.43 111.0 81.0 102.0 -24.0 -328.0 -68.0
8285.71 111.0 76.0 101.0 -33.0 -317.0 -83.0
8300.0 109.0 74.0 97.0 -36.0 -289.0 -90.0
8314.29 109.0 67.0 97.0 -48.0 -292.0 -111.0
8328.57 109.0 63.0 95.0 -54.0 -278.0 -121.0
8342.86 108.0 59.0 93.0 -61.0 -264.0 -132.0
8357.14 107.0 55.0 91.0 -66.0 -249.0 -139.0
8371.43 106.0 51.0 89.0 -70.0 -234.0 -146.0
8385.71 105.0 48.0 87.0 -74.0 -222.0 -154.0
8400.0 104.0 45.0 85.0 -77.0 -205.0 -158.0
8414.29 102.0 42.0 82.0 -75.0 -191.0 -162.0
8428.57 101.0 39.0 80.0 -78.0 -178.0 -166.0
8442.86 100.0 37.0 78.0 -78.0 -162.0 -168.0
8457.14 99.0 35.0 75.0 -78.0 -147.0 -167.0
8471.43 98.0 33.0 72.0 -78.0 -133.0 -169.0
8485.71 97.0 31.0 70.0 -78.0 -120.0 -169.0
8500.0 95.0 29.0 68.0 -79.0 -109.0 -167.0
8514.29 94.0 28.0 65.0 -78.0 -95.0 -166.0
8528.57 93.0 26.0 63.0 -78.0 -83.0 -165.0
8542.86 92.0 25.0 61.0 -79.0 -71.0 -164.0
8557.14 91.0 23.0 58.0 -83.0 -61.0 -172.0
8571.43 90.0 24.0 56.0 -73.0 -49.0 -159.0
8585.71 89.0 23.0 53.0 -72.0 -40.0 -157.0
8600.0 88.0 22.0 52.0 -70.0 -31.0 -153.0
8614.29 87.0 22.0 49.0 -69.0 -20.0 -149.0
8628.57 86.0 21.0 47.0 -69.0 -12.0 -145.0
8642.86 85.0 21.0 45.0 -68.0 -4.0 -141.0
8657.14 84.0 21.0 43.0 -65.0 7.0 -136.0
8671.43 83.0 21.0 41.0 -62.0 13.0 -131.0
8685.71 82.0 21.0 39.0 -60.0 23.0 -127.0
8700.0 81.0 22.0 37.0 -56.0 28.0 -123.0
8714.29 80.0 22.0 35.0 -54.0 37.0 -118.0
8728.57 79.0 22.0 34.0 -51.0 45.0 -113.0
8742.86 79.0 23.0 32.0 -47.0 51.0 -105.0
8757.14 78.0 24.0 30.0 -44.0 57.0 -100.0
8771.43 77.0 25.0 29.0 -40.0 62.0 -96.0
8785.71 77.0 25.0 28.0 -38.0 68.0 -90.0
8800.0 76.0 27.0 26.0 -32.0 75.0 -84.0
8814.29 76.0 28.0 25.0 -29.0 78.0 -79.0
8828.57 75.0 29.0 24.0 -26.0 84.0 -72.0
8842.86 75.0 30.0 23.0 -23.0 89.0 -66.0
8857.14 75.0 31.0 22.0 -20.0 92.0 -59.0
8871.43 75.0 33.0 22.0 -16.0 96.0 -51.0
8885.71 74.0 34.0 21.0 -11.0 101.0 -46.0
8900.0 74.0 36.0 20.0 -7.0 106.0 -38.0
8914.29 74.0 37.0 19.0 -3.0 109.0 -31.0
8928.57 74.0 39.0 19.0 2.0 112.0 -23.0
8942.86 73.0 40.0 17.0 3.0 120.0 -25.0
8957.14 74.0 42.0 18.0 6.0 118.0 -13.0
8971.43 73.0 43.0 16.0 8.0 126.0 -10.0
8985.71 73.0 45.0 16.0 11.0 128.0 -3.0
9000.0 78.0 49.0 23.0 19.0 113.0 8.0
9014.29 73.0 49.0 16.0 22.0 134.0 12.0
9028.57 80.0 54.0 25.0 27.0 112.0 22.0
9042.86 74.0 53.0 16.0 28.0 137.0 25.0
9057.14 75.0 55.0 17.0 33.0 139.0 34.0
9071.43 75.0 57.0 17.0 37.0 141.0 41.0
9085.71 76.0 59.0 18.0 41.0 144.0 47.0
9100.0 82.0 62.0 28.0 46.0 119.0 57.0
9114.29 83.0 63.0 28.0 51.0 119.0 64.0
9128.57 78.0 65.0 21.0 57.0 145.0 75.0
9142.86 84.0 67.0 31.0 57.0 116.0 77.0
9157.14 86.0 69.0 32.0 61.0 115.0 84.0
9171.43 86.0 69.0 32.0 64.0 119.0 91.0
9185.71 87.0 72.0 34.0 69.0 117.0 99.0
9200.0 88.0 74.0 36.0 73.0 114.0 108.0
9214.29 90.0 76.0 38.0 78.0 111.0 113.0
9228.57 91.0 77.0 39.0 84.0 110.0 121.0
9242.86 92.0 78.0 41.0 90.0 110.0 131.0
9257.14 94.0 81.0 44.0 92.0 106.0 138.0
9271.43 95.0 83.0 46.0 98.0 102.0 146.0
9285.71 97.0 84.0 48.0 103.0 99.0 152.0
9300.0 98.0 86.0 50.0 108.0 95.0 162.0
9314.29 100.0 87.0 52.0 113.0 91.0 168.0
9328.57 101.0 89.0 55.0 119.0 85.0 178.0
9342.86 103.0 89.0 58.0 125.0 80.0 189.0
9357.14 105.0 91.0 60.0 129.0 73.0 195.0
9371.43 107.0 92.0 64.0 135.0 66.0 206.0
9385.71 109.0 93.0 67.0 140.0 57.0 212.0
9400.0 111.0 94.0 70.0 145.0 47.0 220.0
9414.29 113.0 95.0 73.0 152.0 37.0 231.0
9428.57 115.0 95.0 76.0 154.0 24.0 239.0
9442.86 118.0 96.0 80.0 160.0 12.0 244.0
9457.14 120.0 96.0 83.0 166.0 -4.0 250.0
9471.43 123.0 96.0 87.0 171.0 -19.0 256.0
9485.71 125.0 95.0 91.0 174.0 -35.0 260.0
9500.0 128.0 95.0 94.0 176.0 -55.0 260.0
9514.29 131.0 93.0 99.0 177.0 -75.0 258.0
9528.57 133.0 93.0 102.0 181.0 -93.0 257.0
9542.86 136.0 91.0 106.0 182.0 -113.0 255.0
9557.14 139.0 90.0 110.0 178.0 -133.0 249.0
9571.43 140.0 87.0 112.0 172.0 -150.0 239.0
9585.71 143.0 85.0 116.0 168.0 -167.0 227.0
9600.0 146.0 83.0 120.0 162.0 -183.0 215.0
9614.29 147.0 80.0 122.0 155.0 -193.0 200.0
9628.57 150.0 77.0 125.0 148.0 -201.0 186.0
9642.86 152.0 74.0 128.0 140.0 -211.0 173.0
9657.14 154.0 71.0 130.0 131.0 -212.0 157.0
9671.43 156.0 68.0 132.0 124.0 -218.0 144.0
9685.71 157.0 65.0 134.0 117.0 -220.0 130.0
9700.0 159.0 61.0 136.0 106.0 -220.0 115.0
9714.29 160.0 59.0 137.0 100.0 -218.0 104.0
9728.57 162.0 55.0 139.0 89.0 -216.0 90.0
9742.86 163.0 53.0 140.0 84.0 -213.0 80.0
9757.14 164.0 50.0 141.0 77.0 -210.0 69.0
9771.43 165.0 46.0 141.0 69.0 -205.0 57.0
9785.71 166.0 43.0 142.0 65.0 -202.0 50.0
9800.0 168.0 40.0 144.0 58.0 -199.0 42.0
9814.29 168.0 37.0 143.0 52.0 -191.0 32.0
9828.57 169.0 33.0 146.0 47.0 -191.0 23.0
9842.86 169.0 32.0 144.0 41.0 -180.0 17.0
9857.14 169.0 30.0 144.0 39.0 -174.0 11.0
9871.43 171.0 26.0 145.0 32.0 -171.0 3.0
9885.71 170.0 25.0 144.0 28.0 -163.0 -2.0
9900.0 170.0 24.0 143.0 23.0 -156.0 -10.0
9914.29 171.0 21.0 144.0 18.0 -152.0 -15.0
9928.57 172.0 18.0 144.0 14.0 -148.0 -20.0
9942.86 172.0 17.0 144.0 10.0 -140.0 -27.0
9957.14 171.0 15.0 143.0 7.0 -133.0 -31.0
9971.43 172.0 12.0 143.0 2.0 -127.0 -37.0
9985.71 172.0 11.0 142.0 -1.0 -120.0 -40.0
10000.0 172.0 8.0 141.0 -5.0 -114.0 -46.0
