time x y z vx vy vz
0.0 -1.0 3.0 -1.0 -1.0 2.0 -2.0
14.2857 -1.0 3.0 -1.0 -2.0 1.0 -0.0
28.5714 -1.0 3.0 -1.0 -1.0 1.0 -2.0
42.8571 -1.0 3.0 -1.0 -2.0 5.0 -1.0
57.1429 -1.0 3.0 -1.0 -3.0 4.0 -1.0
71.4286 -1.0 3.0 -1.0 -4.0 5.0 -0.0
85.7143 -1.0 3.0 -1.0 -4.0 6.0 -1.0
100.0 -1.0 3.0 -2.0 -5.0 3.0 -2.0
114.286 -2.0 3.0 -2.0 -4.0 6.0 -1.0
128.571 -2.0 3.0 -2.0 -4.0 5.0 -1.0
142.857 -2.0 3.0 -2.0 -6.0 6.0 -1.0
157.143 -2.0 3.0 -2.0 -7.0 8.0 -1.0
171.429 -2.0 3.0 -2.0 -8.0 9.0 -0.0
185.714 -2.0 3.0 -2.0 -6.0 8.0 -0.0
200.0 -2.0 3.0 -2.0 -7.0 7.0 -0.0
214.286 -2.0 3.0 -2.0 -4.0 8.0 0.0
228.571 -2.0 3.0 -2.0 -4.0 8.0 -0.0
242.857 -2.0 4.0 -2.0 -6.0 8.0 1.0
257.143 -2.0 4.0 -2.0 -4.0 9.0 -0.0
271.429 -2.0 4.0 -2.0 -5.0 9.0 -0.0
285.714 -2.0 4.0 -2.0 -4.0 9.0 -0.0
300.0 -3.0 4.0 -2.0 -5.0 8.0 1.0
314.286 -3.0 4.0 -2.0 -3.0 7.0 1.0
328.571 -3.0 4.0 -2.0 -5.0 9.0 1.0
342.857 -3.0 4.0 -2.0 -7.0 8.0 1.0
357.143 -3.0 4.0 -2.0 -4.0 8.0 0.0
371.429 -3.0 4.0 -2.0 -5.0 8.0 -0.0
385.714 -3.0 5.0 -2.0 -7.0 7.0 -1.0
400.0 -3.0 5.0 -2.0 -7.0 7.0 -1.0
414.286 -3.0 5.0 -2.0 -8.0 9.0 -2.0
428.571 -3.0 5.0 -2.0 -7.0 11.0 -2.0
442.857 -3.0 5.0 -2.0 -9.0 11.0 -2.0
457.143 -3.0 5.0 -2.0 -4.0 10.0 -2.0
471.429 -3.0 5.0 -2.0 -6.0 10.0 -3.0
485.714 -3.0 5.0 -2.0 -6.0 10.0 -2.0
500.0 -3.0 6.0 -2.0 -5.0 9.0 -3.0
514.286 -4.0 6.0 -2.0 -2.0 10.0 -2.0
528.571 -4.0 6.0 -2.0 -3.0 9.0 -3.0
542.857 -4.0 6.0 -2.0 -4.0 8.0 -3.0
557.143 -4.0 6.0 -2.0 -2.0 8.0 -4.0
571.429 -4.0 6.0 -2.0 -4.0 7.0 -2.0
585.714 -4.0 6.0 -2.0 -4.0 5.0 -2.0
600.0 -4.0 6.0 -2.0 -6.0 5.0 -1.0
614.286 -4.0 6.0 -2.0 -5.0 4.0 -2.0
628.571 -4.0 6.0 -2.0 -4.0 5.0 -3.0
642.857 -4.0 7.0 -2.0 -6.0 6.0 -2.0
657.143 -4.0 7.0 -2.0 -5.0 6.0 0.0
671.429 -4.0 7.0 -2.0 -6.0 8.0 -1.0
685.714 -4.0 7.0 -2.0 -7.0 10.0 -0.0
700.0 -4.0 7.0 -2.0 -8.0 8.0 -1.0
714.286 -4.0 7.0 -2.0 -7.0 9.0 -1.0
728.571 -5.0 7.0 -2.0 -9.0 10.0 -2.0
742.857 -5.0 7.0 -2.0 -7.0 13.0 -2.0
757.143 -5.0 8.0 -2.0 -6.0 13.0 -3.0
771.429 -5.0 8.0 -2.0 -7.0 11.0 -6.0
785.714 -5.0 8.0 -3.0 -7.0 11.0 -6.0
800.0 -5.0 8.0 -3.0 -6.0 11.0 -6.0
814.286 -5.0 8.0 -3.0 -6.0 10.0 -7.0
828.571 -5.0 8.0 -3.0 -7.0 9.0 -9.0
842.857 -5.0 9.0 -3.0 -7.0 10.0 -10.0
857.143 -5.0 9.0 -3.0 -8.0 8.0 -9.0
871.429 -5.0 9.0 -3.0 -10.0 10.0 -9.0
885.714 -5.0 9.0 -3.0 -10.0 11.0 -8.0
900.0 -6.0 9.0 -3.0 -12.0 9.0 -8.0
914.286 -6.0 9.0 -4.0 -10.0 11.0 -7.0
928.571 -6.0 10.0 -4.0 -9.0 10.0 -9.0
942.857 -6.0 10.0 -4.0 -10.0 11.0 -9.0
957.143 -6.0 10.0 -4.0 -10.0 11.0 -9.0
971.429 -6.0 10.0 -4.0 -9.0 7.0 -10.0
985.714 -6.0 10.0 -4.0 -9.0 9.0 -9.0
1000.0 -7.0 10.0 -4.0 -6.0 9.0 -8.0
1014.29 -7.0 11.0 -4.0 -6.0 10.0 -8.0
1028.57 -7.0 11.0 -5.0 -6.0 9.0 -8.0
1042.86 -7.0 11.0 -5.0 -7.0 9.0 -8.0
1057.14 -7.0 11.0 -5.0 -6.0 10.0 -8.0
1071.43 -7.0 11.0 -5.0 -4.0 10.0 -9.0
1085.71 -7.0 11.0 -5.0 -6.0 12.0 -9.0
1100.0 -7.0 11.0 -5.0 -6.0 13.0 -11.0
1114.29 -7.0 12.0 -5.0 -7.0 15.0 -10.0
1128.57 -7.0 12.0 -5.0 -7.0 14.0 -12.0
1142.86 -7.0 12.0 -6.0 -6.0 16.0 -10.0
1157.14 -8.0 12.0 -6.0 -8.0 16.0 -10.0
1171.43 -8.0 12.0 -6.0 -10.0 15.0 -11.0
1185.71 -8.0 13.0 -6.0 -7.0 16.0 -11.0
1200.0 -8.0 13.0 -6.0 -8.0 17.0 -12.0
1214.29 -8.0 13.0 -6.0 -9.0 17.0 -11.0
1228.57 -8.0 13.0 -7.0 -10.0 17.0 -11.0
1242.86 -8.0 14.0 -7.0 -10.0 18.0 -12.0
1257.14 -8.0 14.0 -7.0 -8.0 17.0 -10.0
1271.43 -9.0 14.0 -7.0 -7.0 18.0 -10.0
1285.71 -9.0 15.0 -7.0 -8.0 18.0 -11.0
1300.0 -9.0 15.0 -7.0 -9.0 19.0 -12.0
1314.29 -9.0 15.0 -7.0 -9.0 20.0 -11.0
1328.57 -9.0 15.0 -8.0 -9.0 18.0 -12.0
1342.86 -9.0 16.0 -8.0 -8.0 18.0 -11.0
1357.14 -9.0 16.0 -8.0 -9.0 19.0 -11.0
1371.43 -9.0 16.0 -8.0 -9.0 19.0 -11.0
1385.71 -10.0 16.0 -8.0 -9.0 17.0 -12.0
1400.0 -10.0 17.0 -8.0 -8.0 16.0 -13.0
1414.29 -10.0 17.0 -9.0 -8.0 15.0 -14.0
1428.57 -10.0 17.0 -9.0 -9.0 14.0 -13.0
1442.86 -10.0 17.0 -9.0 -8.0 16.0 -15.0
1457.14 -10.0 17.0 -9.0 -10.0 17.0 -14.0
1471.43 -10.0 18.0 -9.0 -10.0 16.0 -15.0
1485.71 -11.0 18.0 -10.0 -12.0 18.0 -14.0
1500.0 -11.0 18.0 -10.0 -11.0 20.0 -14.0
1514.29 -11.0 19.0 -10.0 -10.0 19.0 -15.0
1528.57 -11.0 19.0 -10.0 -12.0 22.0 -14.0
1542.86 -11.0 19.0 -10.0 -8.0 22.0 -14.0
1557.14 -11.0 19.0 -11.0 -10.0 23.0 -14.0
1571.43 -11.0 20.0 -11.0 -12.0 23.0 -15.0
1585.71 -12.0 20.0 -11.0 -9.0 23.0 -15.0
1600.0 -12.0 20.0 -11.0 -13.0 24.0 -13.0
1614.29 -12.0 21.0 -11.0 -13.0 24.0 -12.0
1628.57 -12.0 21.0 -12.0 -14.0 25.0 -13.0
1642.86 -12.0 21.0 -12.0 -14.0 26.0 -13.0
1657.14 -13.0 22.0 -12.0 -13.0 25.0 -12.0
1671.43 -13.0 22.0 -12.0 -15.0 28.0 -14.0
1685.71 -13.0 23.0 -12.0 -12.0 27.0 -14.0
1700.0 -13.0 23.0 -13.0 -13.0 28.0 -14.0
1714.29 -13.0 23.0 -13.0 -13.0 28.0 -14.0
1728.57 -14.0 24.0 -13.0 -14.0 27.0 -14.0
1742.86 -14.0 24.0 -13.0 -14.0 26.0 -14.0
1757.14 -14.0 24.0 -13.0 -13.0 28.0 -14.0
1771.43 -14.0 25.0 -14.0 -14.0 28.0 -14.0
1785.71 -14.0 25.0 -14.0 -14.0 28.0 -15.0
1800.0 -15.0 26.0 -14.0 -15.0 28.0 -15.0
1814.29 -15.0 26.0 -14.0 -15.0 28.0 -15.0
1828.57 -15.0 26.0 -14.0 -15.0 27.0 -15.0
1842.86 -15.0 27.0 -15.0 -15.0 29.0 -15.0
1857.14 -15.0 27.0 -15.0 -17.0 29.0 -15.0
1871.43 -15.0 28.0 -15.0 -18.0 28.0 -14.0
1885.71 -16.0 28.0 -15.0 -20.0 30.0 -13.0
1900.0 -16.0 28.0 -15.0 -20.0 31.0 -13.0
1914.29 -16.0 29.0 -16.0 -22.0 30.0 -12.0
1928.57 -17.0 29.0 -16.0 -22.0 30.0 -15.0
1942.86 -17.0 30.0 -16.0 -22.0 31.0 -15.0
1957.14 -17.0 30.0 -16.0 -22.0 33.0 -15.0
1971.43 -18.0 31.0 -16.0 -23.0 35.0 -16.0
1985.71 -18.0 31.0 -17.0 -23.0 34.0 -15.0
2000.0 -18.0 32.0 -17.0 -22.0 34.0 -15.0
2014.29 -19.0 32.0 -17.0 -23.0 35.0 -16.0
2028.57 -19.0 33.0 -17.0 -22.0 36.0 -16.0
2042.86 -19.0 33.0 -18.0 -23.0 35.0 -16.0
2057.14 -20.0 34.0 -18.0 -21.0 39.0 -16.0
2071.43 -20.0 34.0 -18.0 -23.0 38.0 -16.0
2085.71 -20.0 35.0 -18.0 -23.0 39.0 -18.0
2100.0 -20.0 35.0 -18.0 -21.0 38.0 -18.0
2114.29 -21.0 36.0 -19.0 -21.0 38.0 -17.0
2128.57 -21.0 37.0 -19.0 -20.0 37.0 -17.0
2142.86 -21.0 37.0 -19.0 -20.0 39.0 -16.0
2157.14 -21.0 38.0 -19.0 -19.0 39.0 -17.0
2171.43 -22.0 38.0 -20.0 -20.0 39.0 -17.0
2185.71 -22.0 39.0 -20.0 -19.0 40.0 -17.0
2200.0 -22.0 39.0 -20.0 -22.0 40.0 -19.0
2214.29 -23.0 40.0 -20.0 -21.0 40.0 -19.0
2228.57 -23.0 41.0 -21.0 -22.0 40.0 -21.0
2242.86 -23.0 41.0 -21.0 -24.0 40.0 -20.0
2257.14 -24.0 42.0 -21.0 -23.0 42.0 -20.0
2271.43 -24.0 42.0 -22.0 -23.0 42.0 -20.0
2285.71 -24.0 43.0 -22.0 -24.0 40.0 -19.0
2300.0 -25.0 43.0 -22.0 -23.0 40.0 -20.0
2314.29 -25.0 44.0 -22.0 -22.0 41.0 -19.0
2328.57 -25.0 45.0 -23.0 -23.0 41.0 -18.0
2342.86 -26.0 45.0 -23.0 -23.0 43.0 -18.0
2357.14 -26.0 46.0 -23.0 -24.0 44.0 -19.0
2371.43 -26.0 46.0 -23.0 -24.0 44.0 -17.0
2385.71 -27.0 47.0 -24.0 -24.0 44.0 -19.0
2400.0 -27.0 48.0 -24.0 -24.0 43.0 -19.0
2414.29 -27.0 48.0 -24.0 -24.0 46.0 -19.0
2428.57 -28.0 49.0 -24.0 -22.0 44.0 -19.0
2442.86 -28.0 50.0 -25.0 -24.0 45.0 -20.0
2457.14 -28.0 50.0 -25.0 -23.0 45.0 -20.0
2471.43 -29.0 51.0 -25.0 -21.0 45.0 -19.0
2485.71 -29.0 52.0 -26.0 -22.0 48.0 -20.0
2500.0 -29.0 52.0 -26.0 -24.0 49.0 -20.0
2514.29 -30.0 53.0 -26.0 -21.0 51.0 -21.0
2528.57 -30.0 54.0 -26.0 -22.0 49.0 -21.0
2542.86 -30.0 54.0 -27.0 -25.0 50.0 -22.0
2557.14 -31.0 55.0 -27.0 -24.0 52.0 -21.0
2571.43 -31.0 56.0 -27.0 -25.0 53.0 -22.0
2585.71 -31.0 57.0 -28.0 -27.0 52.0 -21.0
2600.0 -32.0 57.0 -28.0 -26.0 54.0 -20.0
2614.29 -32.0 58.0 -28.0 -26.0 53.0 -20.0
2628.57 -32.0 59.0 -28.0 -27.0 53.0 -19.0
2642.86 -33.0 60.0 -29.0 -26.0 53.0 -20.0
2657.14 -33.0 61.0 -29.0 -27.0 53.0 -21.0
2671.43 -34.0 61.0 -29.0 -26.0 54.0 -22.0
2685.71 -34.0 62.0 -30.0 -29.0 56.0 -20.0
2700.0 -35.0 63.0 -30.0 -27.0 56.0 -22.0
2714.29 -35.0 64.0 -30.0 -27.0 55.0 -22.0
2728.57 -35.0 64.0 -31.0 -28.0 57.0 -21.0
2742.86 -36.0 65.0 -31.0 -28.0 56.0 -21.0
2757.14 -36.0 66.0 -31.0 -29.0 58.0 -23.0
2771.43 -37.0 67.0 -32.0 -29.0 60.0 -24.0
2785.71 -37.0 68.0 -32.0 -29.0 59.0 -24.0
2800.0 -37.0 69.0 -32.0 -30.0 60.0 -23.0
2814.29 -38.0 69.0 -33.0 -31.0 61.0 -25.0
2828.57 -38.0 70.0 -33.0 -29.0 63.0 -26.0
2842.86 -39.0 71.0 -33.0 -30.0 65.0 -24.0
2857.14 -39.0 72.0 -34.0 -31.0 64.0 -24.0
2871.43 -40.0 73.0 -34.0 -29.0 65.0 -24.0
2885.71 -40.0 74.0 -34.0 -32.0 65.0 -24.0
2900.0 -40.0 75.0 -35.0 -32.0 67.0 -25.0
2914.29 -41.0 76.0 -35.0 -30.0 65.0 -26.0
2928.57 -41.0 77.0 -35.0 -30.0 68.0 -27.0
2942.86 -42.0 78.0 -36.0 -29.0 69.0 -28.0
2957.14 -42.0 79.0 -36.0 -29.0 69.0 -29.0
2971.43 -42.0 80.0 -37.0 -29.0 69.0 -28.0
2985.71 -43.0 81.0 -37.0 -28.0 72.0 -29.0
3000.0 -43.0 82.0 -37.0 -29.0 73.0 -28.0
3014.29 -44.0 83.0 -38.0 -30.0 75.0 -29.0
3028.57 -44.0 84.0 -38.0 -30.0 74.0 -29.0
3042.86 -45.0 85.0 -39.0 -31.0 77.0 -29.0
3057.14 -45.0 86.0 -39.0 -31.0 78.0 -28.0
3071.43 -45.0 87.0 -39.0 -32.0 80.0 -28.0
3085.71 -46.0 89.0 -40.0 -30.0 81.0 -28.0
3100.0 -46.0 90.0 -40.0 -31.0 81.0 -28.0
3114.29 -47.0 91.0 -41.0 -32.0 82.0 -30.0
3128.57 -47.0 92.0 -41.0 -33.0 83.0 -30.0
3142.86 -48.0 93.0 -42.0 -34.0 83.0 -30.0
3157.14 -48.0 94.0 -42.0 -34.0 83.0 -31.0
3171.43 -49.0 95.0 -42.0 -36.0 83.0 -30.0
3185.71 -49.0 97.0 -43.0 -35.0 85.0 -31.0
3200.0 -50.0 98.0 -43.0 -36.0 86.0 -31.0
3214.29 -50.0 99.0 -44.0 -36.0 85.0 -30.0
3228.57 -51.0 100.0 -44.0 -39.0 88.0 -30.0
3242.86 -51.0 102.0 -45.0 -39.0 88.0 -29.0
3257.14 -52.0 103.0 -45.0 -37.0 89.0 -29.0
3271.43 -52.0 104.0 -45.0 -39.0 90.0 -29.0
3285.71 -53.0 105.0 -46.0 -40.0 92.0 -31.0
3300.0 -53.0 107.0 -46.0 -38.0 93.0 -31.0
3314.29 -54.0 108.0 -47.0 -40.0 94.0 -30.0
3328.57 -54.0 110.0 -47.0 -40.0 96.0 -31.0
3342.86 -55.0 111.0 -47.0 -42.0 97.0 -31.0
3357.14 -56.0 112.0 -48.0 -43.0 99.0 -31.0
3371.43 -56.0 114.0 -48.0 -42.0 102.0 -31.0
3385.71 -57.0 115.0 -49.0 -43.0 105.0 -31.0
3400.0 -57.0 117.0 -49.0 -43.0 106.0 -32.0
3414.29 -58.0 118.0 -50.0 -43.0 109.0 -31.0
3428.57 -59.0 120.0 -50.0 -43.0 111.0 -30.0
3442.86 -59.0 122.0 -51.0 -43.0 113.0 -31.0
3457.14 -60.0 123.0 -51.0 -43.0 115.0 -31.0
3471.43 -61.0 125.0 -51.0 -41.0 117.0 -31.0
3485.71 -61.0 126.0 -52.0 -43.0 119.0 -30.0
3500.0 -62.0 128.0 -52.0 -41.0 121.0 -30.0
3514.29 -62.0 130.0 -53.0 -42.0 123.0 -30.0
3528.57 -63.0 132.0 -53.0 -42.0 123.0 -30.0
3542.86 -64.0 134.0 -54.0 -42.0 128.0 -30.0
3557.14 -64.0 135.0 -54.0 -41.0 128.0 -29.0
3571.43 -65.0 137.0 -54.0 -43.0 132.0 -28.0
3585.71 -65.0 139.0 -55.0 -42.0 134.0 -27.0
3600.0 -66.0 141.0 -55.0 -42.0 140.0 -27.0
3614.29 -66.0 143.0 -56.0 -43.0 141.0 -27.0
3628.57 -67.0 145.0 -56.0 -45.0 146.0 -28.0
3642.86 -68.0 147.0 -56.0 -45.0 149.0 -27.0
3657.14 -68.0 150.0 -57.0 -45.0 154.0 -27.0
3671.43 -69.0 152.0 -57.0 -42.0 157.0 -26.0
3685.71 -70.0 154.0 -57.0 -43.0 163.0 -24.0
3700.0 -70.0 156.0 -58.0 -42.0 165.0 -23.0
3714.29 -71.0 159.0 -58.0 -45.0 171.0 -21.0
3728.57 -72.0 161.0 -58.0 -42.0 173.0 -19.0
3742.86 -72.0 164.0 -59.0 -44.0 177.0 -17.0
3757.14 -73.0 166.0 -59.0 -45.0 182.0 -16.0
3771.43 -73.0 169.0 -59.0 -44.0 188.0 -14.0
3785.71 -74.0 172.0 -59.0 -44.0 192.0 -11.0
3800.0 -75.0 175.0 -59.0 -44.0 200.0 -8.0
3814.29 -75.0 178.0 -59.0 -43.0 205.0 -4.0
3828.57 -76.0 181.0 -60.0 -38.0 212.0 0.0
3842.86 -76.0 184.0 -59.0 -38.0 219.0 5.0
3857.14 -77.0 187.0 -59.0 -36.0 228.0 10.0
3871.43 -78.0 190.0 -59.0 -32.0 234.0 16.0
3885.71 -78.0 193.0 -59.0 -27.0 243.0 24.0
3900.0 -78.0 197.0 -59.0 -20.0 251.0 33.0
3914.29 -78.0 201.0 -58.0 -15.0 258.0 45.0
3928.57 -79.0 204.0 -57.0 -6.0 264.0 58.0
3942.86 -79.0 208.0 -56.0 6.0 268.0 73.0
3957.14 -78.0 212.0 -55.0 18.0 268.0 90.0
3971.43 -78.0 216.0 -54.0 34.0 263.0 105.0
3985.71 -78.0 220.0 -52.0 47.0 254.0 120.0
4000.0 -77.0 223.0 -50.0 56.0 244.0 130.0
4014.29 -76.0 227.0 -48.0 70.0 230.0 140.0
4028.57 -75.0 230.0 -46.0 74.0 217.0 145.0
4042.86 -74.0 233.0 -44.0 82.0 206.0 147.0
4057.14 -73.0 236.0 -42.0 86.0 193.0 149.0
4071.43 -71.0 238.0 -40.0 90.0 182.0 148.0
4085.71 -70.0 241.0 -38.0 91.0 168.0 146.0
4100.0 -69.0 243.0 -36.0 92.0 157.0 143.0
4114.29 -67.0 246.0 -34.0 92.0 149.0 138.0
4128.57 -66.0 248.0 -32.0 91.0 136.0 133.0
4142.86 -65.0 249.0 -30.0 87.0 128.0 128.0
4157.14 -64.0 251.0 -28.0 85.0 119.0 123.0
4171.43 -62.0 253.0 -27.0 85.0 112.0 118.0
4185.71 -61.0 254.0 -25.0 82.0 104.0 113.0
4200.0 -60.0 256.0 -23.0 82.0 97.0 109.0
4214.29 -59.0 257.0 -22.0 78.0 91.0 104.0
4228.57 -58.0 258.0 -20.0 76.0 86.0 99.0
4242.86 -57.0 260.0 -19.0 75.0 79.0 96.0
4257.14 -56.0 261.0 -18.0 73.0 75.0 92.0
4271.43 -55.0 262.0 -16.0 71.0 69.0 88.0
4285.71 -54.0 263.0 -15.0 70.0 65.0 85.0
4300.0 -53.0 264.0 -14.0 71.0 61.0 81.0
4314.29 -52.0 264.0 -13.0 68.0 57.0 79.0
4328.57 -51.0 265.0 -12.0 66.0 52.0 75.0
4342.86 -50.0 266.0 -11.0 65.0 49.0 72.0
4357.14 -49.0 266.0 -10.0 64.0 45.0 70.0
4371.43 -48.0 267.0 -9.0 63.0 41.0 68.0
4385.71 -47.0 267.0 -8.0 62.0 37.0 66.0
4400.0 -46.0 268.0 -7.0 62.0 33.0 64.0
4414.29 -46.0 268.0 -6.0 61.0 30.0 62.0
4428.57 -45.0 269.0 -5.0 61.0 26.0 62.0
4442.86 -44.0 269.0 -4.0 61.0 22.0 61.0
4457.14 -43.0 269.0 -3.0 57.0 20.0 59.0
4471.43 -42.0 270.0 -2.0 59.0 16.0 57.0
4485.71 -41.0 270.0 -2.0 57.0 14.0 54.0
4500.0 -40.0 270.0 -1.0 58.0 9.0 53.0
4514.29 -40.0 270.0 -0.0 58.0 6.0 53.0
4528.57 -39.0 270.0 1.0 58.0 3.0 52.0
4542.86 -38.0 270.0 1.0 57.0 -1.0 52.0
4557.14 -37.0 270.0 2.0 55.0 -2.0 50.0
4571.43 -36.0 270.0 3.0 54.0 -5.0 50.0
4585.71 -36.0 270.0 3.0 54.0 -8.0 48.0
4600.0 -35.0 270.0 4.0 54.0 -9.0 48.0
4614.29 -34.0 270.0 5.0 52.0 -13.0 47.0
4628.57 -33.0 270.0 5.0 52.0 -13.0 44.0
4642.86 -33.0 269.0 6.0 52.0 -18.0 44.0
4657.14 -32.0 269.0 7.0 51.0 -19.0 43.0
4671.43 -31.0 269.0 7.0 50.0 -19.0 42.0
4685.71 -30.0 269.0 8.0 52.0 -21.0 40.0
4700.0 -30.0 268.0 9.0 52.0 -25.0 40.0
4714.29 -29.0 268.0 9.0 51.0 -28.0 39.0
4728.57 -28.0 267.0 10.0 49.0 -31.0 38.0
4742.86 -28.0 267.0 10.0 49.0 -33.0 36.0
4757.14 -27.0 266.0 11.0 49.0 -36.0 36.0
4771.43 -26.0 266.0 11.0 50.0 -40.0 35.0
4785.71 -25.0 265.0 12.0 50.0 -40.0 34.0
4800.0 -25.0 265.0 12.0 50.0 -42.0 33.0
4814.29 -24.0 264.0 13.0 49.0 -46.0 32.0
4828.57 -23.0 263.0 13.0 50.0 -46.0 31.0
4842.86 -23.0 263.0 14.0 49.0 -48.0 32.0
4857.14 -22.0 262.0 14.0 49.0 -51.0 31.0
4871.43 -21.0 261.0 14.0 47.0 -52.0 30.0
4885.71 -21.0 261.0 15.0 47.0 -55.0 29.0
4900.0 -20.0 260.0 15.0 45.0 -55.0 29.0
4914.29 -19.0 259.0 16.0 44.0 -58.0 28.0
4928.57 -19.0 258.0 16.0 45.0 -60.0 26.0
4942.86 -18.0 257.0 16.0 44.0 -63.0 27.0
4957.14 -17.0 256.0 17.0 44.0 -65.0 25.0
4971.43 -17.0 255.0 17.0 43.0 -66.0 23.0
4985.71 -16.0 255.0 17.0 44.0 -69.0 23.0
5000.0 -15.0 254.0 18.0 43.0 -70.0 22.0
5014.29 -15.0 253.0 18.0 42.0 -73.0 21.0
5028.57 -14.0 251.0 18.0 40.0 -75.0 19.0
5042.86 -14.0 250.0 19.0 39.0 -76.0 17.0
5057.14 -13.0 249.0 19.0 39.0 -78.0 16.0
5071.43 -13.0 248.0 19.0 38.0 -80.0 15.0
5085.71 -12.0 247.0 19.0 39.0 -83.0 14.0
5100.0 -11.0 246.0 19.0 39.0 -84.0 11.0
5114.29 -11.0 245.0 20.0 37.0 -86.0 10.0
5128.57 -10.0 243.0 20.0 38.0 -86.0 8.0
5142.86 -10.0 242.0 20.0 37.0 -89.0 6.0
5157.14 -9.0 241.0 20.0 36.0 -89.0 3.0
5171.43 -9.0 239.0 20.0 35.0 -90.0 2.0
5185.71 -8.0 238.0 20.0 34.0 -91.0 0.0
5200.0 -8.0 237.0 20.0 33.0 -93.0 -3.0
5214.29 -7.0 236.0 20.0 31.0 -94.0 -5.0
5228.57 -7.0 234.0 20.0 32.0 -94.0 -9.0
5242.86 -7.0 233.0 20.0 30.0 -94.0 -13.0
5257.14 -6.0 231.0 20.0 31.0 -93.0 -17.0
5271.43 -6.0 230.0 19.0 32.0 -92.0 -19.0
5285.71 -5.0 229.0 19.0 32.0 -92.0 -19.0
5300.0 -5.0 228.0 19.0 34.0 -91.0 -20.0
5314.29 -4.0 226.0 18.0 34.0 -91.0 -21.0
5328.57 -4.0 225.0 18.0 36.0 -90.0 -21.0
5342.86 -3.0 224.0 18.0 36.0 -90.0 -22.0
5357.14 -3.0 222.0 17.0 36.0 -91.0 -23.0
5371.43 -2.0 221.0 17.0 35.0 -93.0 -22.0
5385.71 -2.0 220.0 17.0 36.0 -95.0 -22.0
5400.0 -1.0 218.0 16.0 36.0 -95.0 -23.0
5414.29 -1.0 217.0 16.0 36.0 -99.0 -21.0
5428.57 -0.0 216.0 16.0 36.0 -100.0 -21.0
5442.86 0.0 214.0 16.0 36.0 -103.0 -20.0
5457.14 1.0 213.0 15.0 35.0 -104.0 -20.0
5471.43 1.0 211.0 15.0 35.0 -108.0 -20.0
5485.71 2.0 209.0 15.0 34.0 -111.0 -21.0
5500.0 2.0 208.0 14.0 34.0 -113.0 -19.0
5514.29 3.0 206.0 14.0 34.0 -119.0 -18.0
5528.57 3.0 205.0 14.0 32.0 -121.0 -19.0
5542.86 4.0 203.0 14.0 34.0 -124.0 -18.0
5557.14 4.0 201.0 13.0 33.0 -126.0 -18.0
5571.43 5.0 199.0 13.0 31.0 -129.0 -17.0
5585.71 5.0 197.0 13.0 31.0 -134.0 -19.0
5600.0 6.0 195.0 13.0 29.0 -138.0 -19.0
5614.29 6.0 193.0 12.0 28.0 -143.0 -20.0
5628.57 6.0 191.0 12.0 26.0 -148.0 -21.0
5642.86 7.0 189.0 12.0 24.0 -152.0 -22.0
5657.14 7.0 187.0 11.0 21.0 -156.0 -23.0
5671.43 7.0 185.0 11.0 21.0 -163.0 -24.0
5685.71 8.0 182.0 11.0 18.0 -167.0 -27.0
5700.0 8.0 180.0 10.0 15.0 -173.0 -29.0
5714.29 8.0 177.0 10.0 12.0 -177.0 -33.0
5728.57 8.0 175.0 9.0 8.0 -185.0 -35.0
5742.86 8.0 172.0 9.0 6.0 -194.0 -37.0
5757.14 8.0 169.0 8.0 0.0 -202.0 -42.0
5771.43 8.0 166.0 8.0 -5.0 -213.0 -46.0
5785.71 8.0 163.0 7.0 -10.0 -224.0 -51.0
5800.0 8.0 160.0 6.0 -19.0 -238.0 -58.0
5814.29 8.0 156.0 5.0 -33.0 -254.0 -68.0
5828.57 7.0 153.0 4.0 -50.0 -275.0 -81.0
5842.86 6.0 148.0 3.0 -93.0 -292.0 -101.0
5857.14 4.0 145.0 2.0 -153.0 -234.0 -84.0
5871.43 2.0 142.0 1.0 -150.0 -172.0 -52.0
5885.71 -0.0 140.0 -0.0 -136.0 -136.0 -35.0
5900.0 -2.0 138.0 -0.0 -114.0 -111.0 -22.0
5914.29 -3.0 136.0 -1.0 -96.0 -91.0 -13.0
5928.57 -4.0 135.0 -1.0 -75.0 -76.0 -5.0
5942.86 -5.0 134.0 -1.0 -57.0 -60.0 1.0
5957.14 -6.0 134.0 -1.0 -40.0 -48.0 9.0
5971.43 -7.0 133.0 -1.0 -26.0 -37.0 14.0
5985.71 -7.0 132.0 -0.0 -12.0 -29.0 17.0
6000.0 -7.0 132.0 -0.0 2.0 -20.0 22.0
6014.29 -7.0 132.0 0.0 14.0 -13.0 26.0
6028.57 -7.0 132.0 1.0 22.0 -6.0 28.0
6042.86 -6.0 132.0 1.0 34.0 0.0 31.0
6057.14 -6.0 132.0 2.0 42.0 5.0 35.0
6071.43 -5.0 132.0 2.0 51.0 11.0 37.0
6085.71 -4.0 132.0 3.0 60.0 16.0 40.0
6100.0 -3.0 132.0 3.0 69.0 23.0 43.0
6114.29 -2.0 133.0 4.0 77.0 29.0 46.0
6128.57 -1.0 133.0 4.0 85.0 35.0 49.0
6142.86 0.0 134.0 5.0 91.0 41.0 52.0
6157.14 2.0 135.0 6.0 102.0 50.0 57.0
6171.43 3.0 135.0 7.0 108.0 58.0 60.0
6185.71 5.0 136.0 8.0 116.0 67.0 65.0
6200.0 6.0 137.0 9.0 128.0 81.0 72.0
6214.29 8.0 138.0 10.0 142.0 104.0 85.0
6228.57 13.0 142.0 12.0 174.0 170.0 119.0
6242.86 16.0 144.0 14.0 111.0 88.0 120.0
6257.14 13.0 143.0 14.0 74.0 28.0 80.0
6271.43 18.0 145.0 17.0 61.0 -7.0 58.0
6285.71 16.0 143.0 16.0 46.0 -25.0 36.0
6300.0 16.0 143.0 16.0 32.0 -44.0 13.0
6314.29 16.0 141.0 16.0 41.0 -54.0 17.0
6328.57 19.0 142.0 18.0 59.0 -21.0 67.0
6342.86 21.0 142.0 19.0 56.0 -33.0 54.0
6357.14 19.0 141.0 19.0 52.0 -35.0 44.0
6371.43 19.0 140.0 19.0 47.0 -34.0 35.0
6385.71 21.0 140.0 20.0 48.0 -37.0 31.0
6400.0 20.0 139.0 20.0 49.0 -34.0 31.0
6414.29 23.0 139.0 21.0 52.0 -34.0 32.0
6428.57 24.0 138.0 22.0 55.0 -29.0 40.0
6442.86 24.0 138.0 22.0 55.0 -25.0 43.0
6457.14 25.0 138.0 23.0 56.0 -20.0 45.0
6471.43 25.0 137.0 23.0 55.0 -23.0 42.0
6485.71 26.0 137.0 24.0 57.0 -23.0 40.0
6500.0 27.0 137.0 24.0 56.0 -25.0 37.0
6514.29 28.0 136.0 25.0 54.0 -27.0 36.0
6528.57 28.0 136.0 25.0 56.0 -28.0 32.0
6542.86 29.0 135.0 26.0 54.0 -31.0 30.0
6557.14 30.0 135.0 26.0 57.0 -30.0 31.0
6571.43 30.0 134.0 26.0 56.0 -31.0 30.0
6585.71 31.0 134.0 27.0 55.0 -30.0 30.0
6600.0 32.0 134.0 27.0 54.0 -32.0 29.0
6614.29 33.0 133.0 28.0 54.0 -31.0 32.0
6628.57 34.0 133.0 28.0 54.0 -28.0 32.0
6642.86 34.0 132.0 28.0 54.0 -27.0 36.0
6657.14 35.0 132.0 29.0 52.0 -29.0 36.0
6671.43 36.0 131.0 30.0 49.0 -31.0 30.0
6685.71 36.0 131.0 30.0 52.0 -30.0 38.0
6700.0 37.0 131.0 30.0 51.0 -30.0 37.0
6714.29 38.0 130.0 31.0 47.0 -31.0 35.0
6728.57 38.0 130.0 31.0 46.0 -32.0 37.0
6742.86 39.0 129.0 32.0 44.0 -35.0 33.0
6757.14 40.0 129.0 33.0 43.0 -35.0 32.0
6771.43 40.0 128.0 33.0 45.0 -34.0 37.0
6785.71 41.0 128.0 33.0 46.0 -34.0 38.0
6800.0 41.0 127.0 34.0 42.0 -37.0 32.0
6814.29 42.0 127.0 34.0 42.0 -36.0 32.0
6828.57 43.0 126.0 35.0 41.0 -36.0 31.0
6842.86 43.0 126.0 35.0 43.0 -37.0 31.0
6857.14 44.0 125.0 36.0 41.0 -34.0 29.0
6871.43 44.0 125.0 36.0 41.0 -36.0 29.0
6885.71 45.0 124.0 36.0 41.0 -35.0 30.0
6900.0 45.0 124.0 37.0 41.0 -34.0 25.0
6914.29 46.0 123.0 37.0 38.0 -34.0 24.0
6928.57 47.0 123.0 37.0 42.0 -32.0 25.0
6942.86 47.0 122.0 38.0 42.0 -30.0 27.0
6957.14 48.0 122.0 38.0 41.0 -32.0 24.0
6971.43 48.0 121.0 39.0 39.0 -29.0 23.0
6985.71 49.0 121.0 39.0 41.0 -26.0 24.0
7000.0 49.0 121.0 39.0 40.0 -28.0 23.0
7014.29 50.0 120.0 39.0 41.0 -25.0 25.0
7028.57 51.0 120.0 40.0 41.0 -25.0 24.0
7042.86 51.0 119.0 40.0 40.0 -24.0 23.0
7057.14 52.0 119.0 40.0 40.0 -25.0 22.0
7071.43 52.0 119.0 41.0 42.0 -22.0 26.0
7085.71 53.0 119.0 41.0 40.0 -21.0 23.0
7100.0 53.0 118.0 41.0 40.0 -22.0 23.0
7114.29 54.0 118.0 42.0 39.0 -21.0 23.0
7128.57 54.0 118.0 42.0 40.0 -21.0 24.0
7142.86 55.0 117.0 42.0 38.0 -21.0 21.0
7157.14 56.0 117.0 43.0 38.0 -23.0 19.0
7171.43 56.0 117.0 43.0 37.0 -22.0 20.0
7185.71 57.0 116.0 43.0 39.0 -22.0 19.0
7200.0 57.0 116.0 44.0 38.0 -23.0 20.0
7214.29 58.0 116.0 44.0 39.0 -23.0 22.0
7228.57 58.0 115.0 44.0 37.0 -24.0 20.0
7242.86 59.0 115.0 44.0 35.0 -25.0 19.0
7257.14 59.0 115.0 45.0 35.0 -25.0 22.0
7271.43 60.0 114.0 45.0 37.0 -24.0 22.0
7285.71 60.0 114.0 45.0 36.0 -27.0 23.0
7300.0 61.0 114.0 46.0 35.0 -25.0 23.0
7314.29 61.0 113.0 46.0 34.0 -27.0 22.0
7328.57 62.0 113.0 46.0 35.0 -26.0 22.0
7342.86 62.0 113.0 47.0 34.0 -26.0 23.0
7357.14 63.0 112.0 47.0 33.0 -27.0 24.0
7371.43 63.0 112.0 47.0 35.0 -26.0 27.0
7385.71 64.0 111.0 48.0 35.0 -25.0 29.0
7400.0 64.0 111.0 48.0 36.0 -25.0 28.0
7414.29 65.0 111.0 49.0 34.0 -27.0 29.0
7428.57 65.0 110.0 49.0 33.0 -26.0 28.0
7442.86 66.0 110.0 49.0 31.0 -26.0 27.0
7457.14 66.0 110.0 50.0 31.0 -25.0 26.0
7471.43 67.0 109.0 50.0 31.0 -24.0 27.0
7485.71 67.0 109.0 50.0 30.0 -26.0 28.0
7500.0 68.0 109.0 51.0 30.0 -26.0 25.0
7514.29 68.0 108.0 51.0 31.0 -26.0 25.0
7528.57 68.0 108.0 52.0 29.0 -26.0 26.0
7542.86 69.0 107.0 52.0 31.0 -25.0 24.0
7557.14 69.0 107.0 52.0 30.0 -27.0 23.0
7571.43 70.0 107.0 53.0 27.0 -27.0 22.0
7585.71 70.0 106.0 53.0 27.0 -28.0 24.0
7600.0 70.0 106.0 53.0 27.0 -28.0 22.0
7614.29 71.0 106.0 54.0 27.0 -27.0 22.0
7628.57 71.0 105.0 54.0 29.0 -25.0 23.0
7642.86 71.0 105.0 54.0 28.0 -25.0 24.0
7657.14 72.0 104.0 54.0 27.0 -23.0 22.0
7671.43 72.0 104.0 55.0 27.0 -22.0 24.0
7685.71 73.0 104.0 55.0 26.0 -24.0 22.0
7700.0 73.0 103.0 55.0 26.0 -21.0 22.0
7714.29 74.0 103.0 56.0 26.0 -22.0 21.0
7728.57 74.0 103.0 56.0 26.0 -20.0 20.0
7742.86 74.0 103.0 56.0 27.0 -20.0 20.0
7757.14 75.0 102.0 57.0 27.0 -21.0 17.0
7771.43 75.0 102.0 57.0 27.0 -21.0 18.0
7785.71 75.0 101.0 57.0 26.0 -19.0 17.0
7800.0 76.0 101.0 57.0 26.0 -19.0 16.0
7814.29 76.0 101.0 57.0 26.0 -19.0 13.0
7828.57 76.0 101.0 57.0 27.0 -18.0 14.0
7842.86 77.0 101.0 58.0 27.0 -18.0 16.0
7857.14 77.0 100.0 58.0 29.0 -15.0 16.0
7871.43 78.0 100.0 58.0 28.0 -17.0 16.0
7885.71 78.0 100.0 59.0 28.0 -19.0 16.0
7900.0 79.0 100.0 59.0 31.0 -16.0 15.0
7914.29 79.0 99.0 59.0 29.0 -16.0 14.0
7928.57 79.0 99.0 59.0 31.0 -17.0 17.0
7942.86 80.0 99.0 59.0 34.0 -16.0 18.0
7957.14 80.0 99.0 60.0 33.0 -17.0 17.0
7971.43 81.0 98.0 60.0 33.0 -15.0 19.0
7985.71 81.0 98.0 60.0 34.0 -16.0 19.0
8000.0 82.0 98.0 61.0 33.0 -14.0 20.0
8014.29 82.0 98.0 61.0 36.0 -15.0 21.0
8028.57 82.0 99.0 61.0 35.0 -15.0 22.0
8042.86 83.0 97.0 62.0 34.0 -13.0 23.0
8057.14 84.0 97.0 62.0 36.0 -15.0 23.0
8071.43 84.0 97.0 62.0 36.0 -16.0 23.0
8085.71 85.0 97.0 63.0 36.0 -15.0 23.0
8100.0 85.0 96.0 63.0 36.0 -16.0 23.0
8114.29 86.0 96.0 63.0 38.0 -14.0 23.0
8128.57 86.0 96.0 63.0 37.0 -17.0 23.0
8142.86 87.0 96.0 64.0 37.0 -17.0 24.0
8157.14 87.0 96.0 64.0 38.0 -17.0 23.0
8171.43 88.0 95.0 65.0 37.0 -17.0 28.0
8185.71 89.0 95.0 65.0 38.0 -17.0 28.0
8200.0 89.0 95.0 65.0 37.0 -17.0 28.0
8214.29 90.0 95.0 66.0 38.0 -17.0 29.0
8228.57 90.0 95.0 66.0 38.0 -17.0 32.0
8242.86 90.0 95.0 66.0 39.0 -16.0 32.0
8257.14 91.0 94.0 67.0 39.0 -16.0 33.0
8271.43 92.0 94.0 68.0 40.0 -16.0 33.0
8285.71 93.0 93.0 68.0 40.0 -17.0 34.0
8300.0 93.0 94.0 68.0 40.0 -17.0 34.0
8314.29 94.0 93.0 69.0 41.0 -18.0 34.0
8328.57 94.0 93.0 70.0 39.0 -18.0 34.0
8342.86 94.0 93.0 70.0 41.0 -22.0 35.0
8357.14 95.0 92.0 70.0 40.0 -21.0 36.0
8371.43 96.0 92.0 71.0 39.0 -22.0 35.0
8385.71 96.0 91.0 72.0 39.0 -22.0 35.0
8400.0 97.0 91.0 72.0 37.0 -22.0 32.0
8414.29 97.0 91.0 72.0 39.0 -22.0 35.0
8428.57 98.0 91.0 73.0 38.0 -22.0 34.0
8442.86 99.0 90.0 74.0 38.0 -22.0 34.0
8457.14 99.0 90.0 74.0 37.0 -22.0 33.0
8471.43 99.0 90.0 74.0 36.0 -22.0 32.0
8485.71 100.0 89.0 75.0 35.0 -22.0 30.0
8500.0 100.0 89.0 75.0 36.0 -23.0 31.0
8514.29 101.0 89.0 76.0 35.0 -22.0 29.0
8528.57 102.0 88.0 76.0 36.0 -24.0 28.0
8542.86 102.0 88.0 76.0 35.0 -24.0 27.0
8557.14 103.0 88.0 77.0 35.0 -25.0 28.0
8571.43 103.0 87.0 77.0 35.0 -23.0 27.0
8585.71 104.0 87.0 78.0 34.0 -25.0 27.0
8600.0 104.0 87.0 78.0 34.0 -24.0 27.0
8614.29 105.0 86.0 79.0 34.0 -25.0 27.0
8628.57 105.0 86.0 79.0 35.0 -25.0 26.0
8642.86 105.0 86.0 79.0 34.0 -24.0 28.0
8657.14 106.0 85.0 80.0 34.0 -24.0 26.0
8671.43 106.0 85.0 80.0 34.0 -25.0 27.0
8685.71 107.0 85.0 80.0 33.0 -25.0 28.0
8700.0 107.0 84.0 81.0 33.0 -27.0 25.0
8714.29 108.0 84.0 81.0 33.0 -25.0 24.0
8728.57 108.0 84.0 81.0 31.0 -27.0 25.0
8742.86 109.0 83.0 82.0 31.0 -28.0 22.0
8757.14 109.0 82.0 82.0 29.0 -27.0 22.0
8771.43 110.0 82.0 82.0 30.0 -26.0 21.0
8785.71 110.0 82.0 83.0 29.0 -27.0 19.0
8800.0 110.0 81.0 83.0 30.0 -27.0 18.0
8814.29 111.0 81.0 83.0 32.0 -23.0 21.0
8828.57 111.0 81.0 84.0 32.0 -27.0 21.0
8842.86 112.0 80.0 84.0 31.0 -25.0 22.0
8857.14 112.0 80.0 84.0 33.0 -27.0 22.0
8871.43 113.0 80.0 84.0 32.0 -26.0 20.0
8885.71 113.0 79.0 85.0 32.0 -28.0 22.0
8900.0 114.0 79.0 85.0 33.0 -26.0 23.0
8914.29 114.0 78.0 85.0 32.0 -25.0 21.0
8928.57 115.0 78.0 86.0 33.0 -27.0 23.0
8942.86 115.0 77.0 86.0 33.0 -28.0 24.0
8957.14 116.0 77.0 86.0 31.0 -27.0 23.0
8971.43 116.0 77.0 87.0 31.0 -26.0 24.0
8985.71 116.0 76.0 87.0 30.0 -27.0 21.0
9000.0 117.0 76.0 87.0 31.0 -26.0 22.0
9014.29 117.0 76.0 88.0 30.0 -26.0 21.0
9028.57 118.0 75.0 88.0 30.0 -27.0 21.0
9042.86 118.0 75.0 88.0 30.0 -26.0 21.0
9057.14 118.0 74.0 88.0 28.0 -25.0 19.0
9071.43 119.0 74.0 89.0 29.0 -26.0 20.0
9085.71 119.0 74.0 89.0 28.0 -25.0 20.0
9100.0 119.0 73.0 89.0 29.0 -24.0 18.0
9114.29 119.0 72.0 89.0 28.0 -25.0 17.0
9128.57 121.0 73.0 90.0 28.0 -25.0 18.0
9142.86 121.0 72.0 90.0 29.0 -27.0 18.0
9157.14 121.0 71.0 90.0 29.0 -25.0 17.0
9171.43 122.0 72.0 91.0 30.0 -25.0 17.0
9185.71 122.0 71.0 91.0 29.0 -26.0 19.0
9200.0 122.0 70.0 91.0 28.0 -26.0 18.0
9214.29 122.0 70.0 91.0 29.0 -25.0 19.0
9228.57 124.0 70.0 92.0 28.0 -26.0 20.0
9242.86 123.0 69.0 92.0 29.0 -26.0 18.0
9257.14 124.0 69.0 92.0 30.0 -23.0 19.0
9271.43 125.0 69.0 93.0 30.0 -25.0 19.0
9285.71 125.0 69.0 93.0 30.0 -25.0 20.0
9300.0 125.0 68.0 93.0 29.0 -24.0 19.0
9314.29 125.0 67.0 93.0 28.0 -25.0 18.0
9328.57 126.0 67.0 93.0 29.0 -24.0 19.0
9342.86 126.0 66.0 94.0 28.0 -24.0 19.0
9357.14 127.0 67.0 94.0 27.0 -25.0 18.0
9371.43 127.0 66.0 94.0 29.0 -24.0 19.0
9385.71 127.0 65.0 94.0 28.0 -24.0 20.0
9400.0 128.0 66.0 95.0 27.0 -26.0 19.0
9414.29 129.0 65.0 95.0 28.0 -24.0 21.0
9428.57 129.0 65.0 96.0 27.0 -26.0 20.0
9442.86 130.0 65.0 96.0 28.0 -24.0 22.0
9457.14 130.0 64.0 96.0 27.0 -25.0 22.0
9471.43 130.0 64.0 97.0 27.0 -25.0 21.0
9485.71 130.0 63.0 96.0 26.0 -22.0 24.0
9500.0 131.0 63.0 97.0 26.0 -22.0 24.0
9514.29 131.0 63.0 97.0 26.0 -21.0 25.0
9528.57 131.0 62.0 97.0 27.0 -21.0 25.0
9542.86 132.0 62.0 98.0 28.0 -19.0 24.0
9557.14 133.0 62.0 99.0 26.0 -19.0 25.0
9571.43 133.0 61.0 99.0 28.0 -18.0 25.0
9585.71 134.0 62.0 99.0 28.0 -17.0 25.0
9600.0 134.0 61.0 99.0 28.0 -16.0 24.0
9614.29 134.0 61.0 100.0 29.0 -15.0 25.0
9628.57 135.0 61.0 100.0 28.0 -16.0 26.0
9642.86 135.0 61.0 101.0 30.0 -14.0 25.0
9657.14 135.0 60.0 101.0 30.0 -14.0 26.0
9671.43 136.0 60.0 102.0 28.0 -15.0 26.0
9685.71 137.0 60.0 102.0 30.0 -14.0 26.0
9700.0 137.0 60.0 102.0 32.0 -14.0 25.0
9714.29 137.0 60.0 103.0 30.0 -15.0 24.0
9728.57 138.0 60.0 103.0 31.0 -15.0 25.0
9742.86 138.0 59.0 103.0 32.0 -14.0 26.0
9757.14 138.0 59.0 104.0 32.0 -17.0 26.0
9771.43 139.0 59.0 104.0 32.0 -18.0 28.0
9785.71 140.0 58.0 104.0 32.0 -17.0 26.0
9800.0 140.0 58.0 105.0 32.0 -17.0 27.0
9814.29 140.0 58.0 105.0 33.0 -16.0 26.0
9828.57 141.0 58.0 106.0 33.0 -17.0 26.0
9842.86 142.0 58.0 106.0 35.0 -16.0 30.0
9857.14 142.0 57.0 106.0 35.0 -16.0 26.0
9871.43 143.0 57.0 107.0 34.0 -17.0 28.0
9885.71 143.0 57.0 107.0 35.0 -17.0 27.0
9900.0 143.0 56.0 108.0 36.0 -17.0 29.0
9914.29 144.0 57.0 108.0 36.0 -18.0 31.0
9928.57 145.0 56.0 108.0 36.0 -17.0 29.0
9942.86 145.0 56.0 109.0 36.0 -17.0 29.0
9957.14 145.0 55.0 109.0 36.0 -18.0 29.0
9971.43 146.0 55.0 110.0 37.0 -19.0 29.0
9985.71 147.0 55.0 110.0 36.0 -20.0 31.0
10000.0 147.0 54.0 110.0 36.0 -20.0 29.0
