time x y z vx vy vz
0.0 -475.0 492.0 -412.0 43.0 102.0 139.0
14.2857 -474.0 494.0 -410.0 44.0 102.0 140.0
28.5714 -473.0 495.0 -408.0 45.0 103.0 141.0
42.8571 -473.0 497.0 -406.0 46.0 104.0 142.0
57.1429 -472.0 498.0 -404.0 47.0 105.0 143.0
71.4286 -471.0 500.0 -402.0 47.0 106.0 145.0
85.7143 -471.0 501.0 -400.0 48.0 106.0 146.0
100.0 -470.0 503.0 -398.0 49.0 107.0 147.0
114.286 -469.0 504.0 -395.0 50.0 108.0 148.0
128.571 -469.0 506.0 -393.0 51.0 109.0 149.0
142.857 -468.0 507.0 -391.0 52.0 110.0 150.0
157.143 -467.0 509.0 -389.0 53.0 111.0 152.0
171.429 -466.0 510.0 -387.0 55.0 111.0 153.0
185.714 -466.0 512.0 -385.0 56.0 112.0 154.0
200.0 -465.0 514.0 -382.0 57.0 113.0 155.0
214.286 -464.0 515.0 -380.0 58.0 114.0 156.0
228.571 -463.0 517.0 -378.0 60.0 115.0 158.0
242.857 -462.0 519.0 -376.0 61.0 115.0 159.0
257.143 -461.0 520.0 -373.0 62.0 116.0 160.0
271.429 -460.0 522.0 -371.0 64.0 117.0 162.0
285.714 -460.0 524.0 -369.0 65.0 117.0 163.0
300.0 -459.0 525.0 -366.0 67.0 118.0 164.0
314.286 -458.0 527.0 -364.0 68.0 119.0 166.0
328.571 -457.0 529.0 -362.0 70.0 120.0 167.0
342.857 -456.0 530.0 -359.0 72.0 120.0 168.0
357.143 -455.0 532.0 -357.0 73.0 121.0 170.0
371.429 -454.0 534.0 -354.0 75.0 121.0 171.0
385.714 -452.0 536.0 -352.0 77.0 122.0 173.0
400.0 -451.0 537.0 -349.0 79.0 123.0 174.0
414.286 -450.0 539.0 -347.0 81.0 123.0 176.0
428.571 -449.0 541.0 -344.0 83.0 123.0 178.0
442.857 -448.0 543.0 -342.0 85.0 124.0 179.0
457.143 -447.0 544.0 -339.0 88.0 124.0 181.0
471.429 -445.0 546.0 -337.0 90.0 125.0 182.0
485.714 -444.0 548.0 -334.0 92.0 125.0 184.0
500.0 -443.0 550.0 -331.0 95.0 125.0 185.0
514.286 -441.0 552.0 -329.0 97.0 125.0 187.0
528.571 -440.0 553.0 -326.0 100.0 125.0 188.0
542.857 -438.0 555.0 -323.0 102.0 125.0 190.0
557.143 -437.0 557.0 -321.0 105.0 125.0 192.0
571.429 -435.0 559.0 -318.0 108.0 125.0 193.0
585.714 -434.0 561.0 -315.0 111.0 124.0 195.0
600.0 -432.0 562.0 -312.0 114.0 124.0 196.0
614.286 -431.0 564.0 -309.0 117.0 123.0 198.0
628.571 -429.0 566.0 -307.0 120.0 122.0 199.0
642.857 -427.0 568.0 -304.0 124.0 121.0 200.0
657.143 -425.0 569.0 -301.0 127.0 120.0 202.0
671.429 -423.0 571.0 -298.0 130.0 119.0 203.0
685.714 -422.0 573.0 -295.0 134.0 118.0 204.0
700.0 -420.0 574.0 -292.0 137.0 117.0 205.0
714.286 -418.0 576.0 -289.0 141.0 115.0 206.0
728.571 -416.0 578.0 -286.0 144.0 113.0 208.0
742.857 -413.0 579.0 -283.0 148.0 111.0 208.0
757.143 -411.0 581.0 -280.0 152.0 109.0 209.0
771.429 -409.0 582.0 -277.0 155.0 107.0 210.0
785.714 -407.0 584.0 -274.0 159.0 104.0 211.0
800.0 -405.0 585.0 -271.0 162.0 102.0 211.0
814.286 -402.0 587.0 -268.0 166.0 99.0 211.0
828.571 -400.0 588.0 -265.0 169.0 96.0 212.0
842.857 -397.0 590.0 -262.0 172.0 93.0 212.0
857.143 -395.0 591.0 -259.0 176.0 89.0 212.0
871.429 -392.0 592.0 -256.0 179.0 86.0 211.0
885.714 -390.0 593.0 -253.0 182.0 82.0 211.0
900.0 -387.0 594.0 -250.0 185.0 79.0 210.0
914.286 -384.0 596.0 -247.0 187.0 75.0 210.0
928.571 -382.0 597.0 -244.0 190.0 71.0 209.0
942.857 -379.0 598.0 -241.0 192.0 67.0 208.0
957.143 -376.0 599.0 -238.0 195.0 63.0 207.0
971.429 -373.0 599.0 -235.0 197.0 59.0 206.0
985.714 -371.0 600.0 -232.0 199.0 55.0 205.0
1000.0 -368.0 601.0 -229.0 200.0 51.0 204.0
1014.29 -365.0 602.0 -226.0 202.0 47.0 202.0
1028.57 -362.0 602.0 -223.0 203.0 43.0 201.0
1042.86 -359.0 603.0 -220.0 205.0 39.0 199.0
1057.14 -356.0 603.0 -217.0 206.0 36.0 198.0
1071.43 -353.0 604.0 -215.0 206.0 32.0 196.0
1085.71 -350.0 604.0 -212.0 207.0 28.0 194.0
1100.0 -347.0 605.0 -209.0 208.0 24.0 193.0
1114.29 -344.0 605.0 -206.0 208.0 21.0 191.0
1128.57 -341.0 605.0 -204.0 209.0 17.0 189.0
1142.86 -338.0 606.0 -201.0 209.0 14.0 187.0
1157.14 -335.0 606.0 -198.0 209.0 10.0 186.0
1171.43 -332.0 606.0 -196.0 209.0 7.0 184.0
1185.71 -329.0 606.0 -193.0 209.0 4.0 182.0
1200.0 -326.0 606.0 -190.0 209.0 1.0 180.0
1214.29 -323.0 606.0 -188.0 209.0 -2.0 178.0
1228.57 -320.0 606.0 -185.0 209.0 -5.0 177.0
1242.86 -317.0 606.0 -183.0 208.0 -8.0 175.0
1257.14 -314.0 606.0 -180.0 208.0 -11.0 173.0
1271.43 -311.0 605.0 -178.0 207.0 -13.0 171.0
1285.71 -308.0 605.0 -175.0 207.0 -16.0 169.0
1300.0 -305.0 605.0 -173.0 206.0 -19.0 168.0
1314.29 -302.0 605.0 -170.0 206.0 -21.0 166.0
1328.57 -299.0 604.0 -168.0 205.0 -24.0 164.0
1342.86 -296.0 604.0 -166.0 204.0 -26.0 163.0
1357.14 -294.0 603.0 -163.0 204.0 -28.0 161.0
1371.43 -291.0 603.0 -161.0 203.0 -31.0 159.0
1385.71 -288.0 603.0 -159.0 202.0 -33.0 158.0
1400.0 -285.0 602.0 -157.0 201.0 -35.0 156.0
1414.29 -282.0 601.0 -154.0 200.0 -37.0 155.0
1428.57 -279.0 601.0 -152.0 200.0 -39.0 153.0
1442.86 -276.0 600.0 -150.0 199.0 -41.0 152.0
1457.14 -273.0 600.0 -148.0 198.0 -42.0 150.0
1471.43 -270.0 599.0 -146.0 197.0 -44.0 149.0
1485.71 -268.0 599.0 -144.0 196.0 -46.0 147.0
1500.0 -265.0 598.0 -141.0 195.0 -48.0 146.0
1514.29 -262.0 597.0 -139.0 194.0 -49.0 145.0
1528.57 -259.0 596.0 -137.0 193.0 -51.0 143.0
1542.86 -257.0 596.0 -135.0 192.0 -53.0 142.0
1557.14 -254.0 595.0 -133.0 191.0 -54.0 141.0
1571.43 -251.0 594.0 -131.0 190.0 -56.0 139.0
1585.71 -248.0 593.0 -129.0 190.0 -57.0 138.0
1600.0 -246.0 593.0 -127.0 189.0 -59.0 137.0
1614.29 -243.0 592.0 -125.0 188.0 -60.0 135.0
1628.57 -240.0 591.0 -124.0 187.0 -61.0 134.0
1642.86 -238.0 590.0 -122.0 186.0 -63.0 133.0
1657.14 -235.0 589.0 -120.0 185.0 -64.0 132.0
1671.43 -232.0 588.0 -118.0 184.0 -65.0 131.0
1685.71 -230.0 587.0 -116.0 183.0 -67.0 130.0
1700.0 -227.0 586.0 -114.0 182.0 -68.0 129.0
1714.29 -224.0 585.0 -112.0 181.0 -69.0 127.0
1728.57 -222.0 584.0 -111.0 180.0 -70.0 126.0
1742.86 -219.0 583.0 -109.0 179.0 -71.0 125.0
1757.14 -217.0 582.0 -107.0 178.0 -72.0 124.0
1771.43 -214.0 581.0 -105.0 177.0 -73.0 123.0
1785.71 -212.0 580.0 -103.0 176.0 -74.0 122.0
1800.0 -209.0 579.0 -102.0 175.0 -76.0 121.0
1814.29 -207.0 578.0 -100.0 174.0 -77.0 120.0
1828.57 -204.0 577.0 -98.0 173.0 -77.0 119.0
1842.86 -202.0 576.0 -97.0 172.0 -78.0 118.0
1857.14 -199.0 574.0 -95.0 171.0 -79.0 117.0
1871.43 -197.0 573.0 -93.0 170.0 -80.0 116.0
1885.71 -194.0 572.0 -92.0 169.0 -81.0 115.0
1900.0 -192.0 571.0 -90.0 168.0 -82.0 114.0
1914.29 -190.0 570.0 -88.0 166.0 -83.0 114.0
1928.57 -187.0 568.0 -87.0 165.0 -84.0 113.0
1942.86 -185.0 567.0 -85.0 165.0 -84.0 112.0
1957.14 -183.0 566.0 -84.0 164.0 -85.0 111.0
1971.43 -180.0 565.0 -82.0 163.0 -86.0 110.0
1985.71 -178.0 563.0 -81.0 162.0 -87.0 109.0
2000.0 -176.0 562.0 -79.0 161.0 -87.0 109.0
2014.29 -173.0 561.0 -78.0 160.0 -88.0 108.0
2028.57 -171.0 560.0 -76.0 159.0 -89.0 107.0
2042.86 -169.0 558.0 -74.0 158.0 -89.0 106.0
2057.14 -166.0 557.0 -73.0 157.0 -90.0 106.0
2071.43 -164.0 556.0 -71.0 156.0 -91.0 105.0
2085.71 -162.0 554.0 -70.0 155.0 -91.0 104.0
2100.0 -160.0 553.0 -68.0 154.0 -92.0 103.0
2114.29 -158.0 552.0 -67.0 153.0 -93.0 103.0
2128.57 -155.0 550.0 -66.0 152.0 -93.0 102.0
2142.86 -153.0 549.0 -64.0 151.0 -94.0 101.0
2157.14 -151.0 548.0 -63.0 150.0 -95.0 101.0
2171.43 -149.0 546.0 -61.0 149.0 -95.0 100.0
2185.71 -147.0 545.0 -60.0 149.0 -96.0 100.0
2200.0 -145.0 544.0 -58.0 148.0 -96.0 99.0
2214.29 -143.0 542.0 -57.0 147.0 -97.0 98.0
2228.57 -140.0 541.0 -56.0 146.0 -97.0 98.0
2242.86 -138.0 539.0 -54.0 145.0 -98.0 97.0
2257.14 -136.0 538.0 -53.0 144.0 -98.0 96.0
2271.43 -134.0 537.0 -51.0 143.0 -99.0 96.0
2285.71 -132.0 535.0 -50.0 142.0 -99.0 95.0
2300.0 -130.0 534.0 -49.0 142.0 -100.0 95.0
2314.29 -128.0 532.0 -47.0 141.0 -100.0 94.0
2328.57 -126.0 531.0 -46.0 140.0 -101.0 94.0
2342.86 -124.0 529.0 -45.0 139.0 -101.0 94.0
2357.14 -122.0 528.0 -43.0 138.0 -102.0 93.0
2371.43 -120.0 526.0 -42.0 138.0 -102.0 92.0
2385.71 -118.0 525.0 -41.0 137.0 -103.0 92.0
2400.0 -116.0 523.0 -40.0 136.0 -103.0 91.0
2414.29 -114.0 522.0 -38.0 135.0 -104.0 91.0
2428.57 -112.0 521.0 -37.0 135.0 -104.0 91.0
2442.86 -110.0 519.0 -36.0 134.0 -105.0 90.0
2457.14 -109.0 518.0 -34.0 133.0 -105.0 90.0
2471.43 -107.0 516.0 -33.0 133.0 -106.0 89.0
2485.71 -105.0 514.0 -32.0 132.0 -106.0 89.0
2500.0 -103.0 513.0 -31.0 131.0 -106.0 88.0
2514.29 -101.0 511.0 -29.0 131.0 -107.0 88.0
2528.57 -99.0 510.0 -28.0 130.0 -108.0 88.0
2542.86 -97.0 508.0 -27.0 129.0 -108.0 87.0
2557.14 -95.0 507.0 -26.0 129.0 -109.0 87.0
2571.43 -94.0 505.0 -24.0 128.0 -109.0 86.0
2585.71 -92.0 504.0 -23.0 127.0 -110.0 86.0
2600.0 -90.0 502.0 -22.0 127.0 -110.0 86.0
2614.29 -88.0 500.0 -21.0 126.0 -110.0 85.0
2628.57 -86.0 499.0 -19.0 125.0 -111.0 85.0
2642.86 -84.0 497.0 -18.0 125.0 -111.0 84.0
2657.14 -83.0 496.0 -17.0 124.0 -112.0 84.0
2671.43 -81.0 494.0 -16.0 123.0 -113.0 84.0
2685.71 -79.0 492.0 -15.0 123.0 -113.0 83.0
2700.0 -77.0 491.0 -13.0 122.0 -114.0 83.0
2714.29 -76.0 489.0 -12.0 121.0 -114.0 83.0
2728.57 -74.0 487.0 -11.0 121.0 -115.0 82.0
2742.86 -72.0 486.0 -10.0 120.0 -116.0 82.0
2757.14 -70.0 484.0 -9.0 120.0 -116.0 81.0
2771.43 -69.0 482.0 -8.0 119.0 -117.0 81.0
2785.71 -67.0 481.0 -6.0 118.0 -117.0 81.0
2800.0 -65.0 479.0 -5.0 118.0 -118.0 80.0
2814.29 -64.0 477.0 -4.0 117.0 -119.0 80.0
2828.57 -62.0 476.0 -3.0 116.0 -119.0 79.0
2842.86 -60.0 474.0 -2.0 116.0 -120.0 79.0
2857.14 -59.0 472.0 -1.0 115.0 -120.0 79.0
2871.43 -57.0 470.0 0.0 114.0 -121.0 78.0
2885.71 -55.0 469.0 1.0 114.0 -122.0 78.0
2900.0 -54.0 467.0 2.0 113.0 -122.0 77.0
2914.29 -52.0 465.0 3.0 112.0 -123.0 77.0
2928.57 -51.0 463.0 5.0 112.0 -124.0 77.0
2942.86 -49.0 462.0 6.0 111.0 -124.0 76.0
2957.14 -47.0 460.0 7.0 110.0 -125.0 76.0
2971.43 -46.0 458.0 8.0 110.0 -126.0 75.0
2985.71 -44.0 456.0 9.0 109.0 -127.0 75.0
3000.0 -43.0 454.0 10.0 108.0 -127.0 75.0
3014.29 -41.0 453.0 11.0 107.0 -128.0 74.0
3028.57 -40.0 451.0 12.0 107.0 -129.0 74.0
3042.86 -38.0 449.0 13.0 106.0 -130.0 73.0
3057.14 -36.0 447.0 14.0 105.0 -130.0 73.0
3071.43 -35.0 445.0 15.0 104.0 -131.0 72.0
3085.71 -34.0 443.0 16.0 104.0 -132.0 72.0
3100.0 -32.0 441.0 17.0 103.0 -133.0 72.0
3114.29 -31.0 439.0 18.0 102.0 -134.0 71.0
3128.57 -29.0 437.0 19.0 101.0 -134.0 71.0
3142.86 -28.0 435.0 20.0 100.0 -135.0 70.0
3157.14 -26.0 434.0 21.0 99.0 -136.0 70.0
3171.43 -25.0 432.0 22.0 98.0 -137.0 69.0
3185.71 -23.0 430.0 23.0 98.0 -138.0 69.0
3200.0 -22.0 428.0 24.0 97.0 -139.0 68.0
3214.29 -21.0 426.0 25.0 96.0 -139.0 68.0
3228.57 -19.0 424.0 26.0 95.0 -140.0 67.0
3242.86 -18.0 422.0 27.0 94.0 -141.0 67.0
3257.14 -17.0 420.0 28.0 93.0 -142.0 66.0
3271.43 -15.0 418.0 29.0 92.0 -143.0 66.0
3285.71 -14.0 415.0 30.0 91.0 -144.0 65.0
3300.0 -13.0 413.0 31.0 90.0 -145.0 65.0
3314.29 -12.0 411.0 32.0 89.0 -145.0 64.0
3328.57 -10.0 409.0 33.0 88.0 -146.0 64.0
3342.86 -9.0 407.0 34.0 86.0 -147.0 63.0
3357.14 -8.0 405.0 35.0 85.0 -148.0 63.0
3371.43 -6.0 403.0 36.0 84.0 -149.0 62.0
3385.71 -5.0 401.0 36.0 83.0 -150.0 61.0
3400.0 -4.0 399.0 37.0 82.0 -151.0 61.0
3414.29 -3.0 396.0 38.0 80.0 -152.0 60.0
3428.57 -2.0 394.0 39.0 79.0 -153.0 60.0
3442.86 -1.0 392.0 40.0 78.0 -153.0 59.0
3457.14 0.0 390.0 41.0 76.0 -154.0 59.0
3471.43 1.0 388.0 42.0 75.0 -155.0 58.0
3485.71 40.0 229.0 -10.0 -23.0 -239.0 -13.0
3500.0 40.0 225.0 -10.0 -28.0 -240.0 -14.0
3514.29 39.0 222.0 -11.0 -32.0 -241.0 -16.0
3528.57 39.0 219.0 -11.0 -37.0 -242.0 -17.0
3542.86 38.0 215.0 -11.0 -41.0 -243.0 -19.0
3557.14 37.0 212.0 -12.0 -46.0 -244.0 -21.0
3571.43 37.0 208.0 -12.0 -51.0 -244.0 -22.0
3585.71 36.0 205.0 -12.0 -56.0 -245.0 -24.0
3600.0 35.0 201.0 -13.0 -61.0 -245.0 -26.0
3614.29 34.0 198.0 -13.0 -67.0 -246.0 -28.0
3628.57 32.0 194.0 -14.0 -74.0 -246.0 -30.0
3642.86 31.0 191.0 -14.0 -80.0 -246.0 -32.0
3657.14 30.0 187.0 -14.0 -86.0 -246.0 -34.0
3671.43 29.0 184.0 -15.0 -92.0 -246.0 -36.0
3685.71 27.0 180.0 -15.0 -99.0 -245.0 -38.0
3700.0 26.0 177.0 -16.0 -105.0 -245.0 -40.0
3714.29 24.0 173.0 -17.0 -112.0 -244.0 -43.0
3728.57 23.0 170.0 -17.0 -119.0 -243.0 -45.0
3742.86 21.0 167.0 -18.0 -126.0 -241.0 -48.0
3757.14 19.0 163.0 -19.0 -133.0 -239.0 -50.0
3771.43 17.0 160.0 -19.0 -141.0 -237.0 -53.0
3785.71 15.0 156.0 -20.0 -148.0 -234.0 -55.0
3800.0 13.0 153.0 -21.0 -156.0 -231.0 -57.0
3814.29 10.0 150.0 -22.0 -163.0 -227.0 -60.0
3828.57 8.0 147.0 -23.0 -171.0 -223.0 -62.0
3842.86 5.0 143.0 -24.0 -178.0 -217.0 -64.0
3857.14 3.0 140.0 -25.0 -185.0 -212.0 -67.0
3871.43 -0.0 137.0 -26.0 -192.0 -206.0 -69.0
3885.71 -3.0 134.0 -27.0 -199.0 -199.0 -70.0
3900.0 -6.0 132.0 -28.0 -205.0 -191.0 -72.0
3914.29 -9.0 129.0 -29.0 -211.0 -184.0 -73.0
3928.57 -13.0 127.0 -30.0 -216.0 -176.0 -74.0
3942.86 -16.0 124.0 -31.0 -221.0 -167.0 -74.0
3957.14 -19.0 122.0 -32.0 -225.0 -159.0 -75.0
3971.43 -23.0 120.0 -33.0 -229.0 -149.0 -75.0
3985.71 -26.0 118.0 -34.0 -232.0 -139.0 -75.0
4000.0 -30.0 116.0 -36.0 -235.0 -129.0 -75.0
4014.29 -33.0 115.0 -37.0 -238.0 -119.0 -74.0
4028.57 -37.0 113.0 -38.0 -240.0 -108.0 -74.0
4042.86 -40.0 111.0 -39.0 -254.0 -94.0 -78.0
4057.14 -44.0 110.0 -40.0 -255.0 -82.0 -77.0
4071.43 -47.0 109.0 -41.0 -256.0 -70.0 -76.0
4085.71 -51.0 108.0 -42.0 -256.0 -57.0 -74.0
4100.0 -55.0 107.0 -43.0 -256.0 -44.0 -72.0
4114.29 -58.0 107.0 -44.0 -254.0 -31.0 -70.0
4128.57 -62.0 107.0 -45.0 -251.0 -18.0 -68.0
4142.86 -65.0 107.0 -46.0 -247.0 -4.0 -65.0
4157.14 -69.0 107.0 -47.0 -243.0 9.0 -63.0
4171.43 -72.0 107.0 -48.0 -237.0 22.0 -60.0
4185.71 -76.0 107.0 -49.0 -231.0 34.0 -57.0
4200.0 -79.0 108.0 -50.0 -224.0 47.0 -53.0
4214.29 -82.0 109.0 -50.0 -216.0 59.0 -50.0
4228.57 -85.0 110.0 -51.0 -207.0 70.0 -46.0
4242.86 -88.0 111.0 -52.0 -197.0 81.0 -42.0
4257.14 -91.0 112.0 -52.0 -187.0 92.0 -38.0
4271.43 -93.0 113.0 -53.0 -176.0 102.0 -35.0
4285.71 -96.0 115.0 -53.0 -165.0 111.0 -31.0
4300.0 -98.0 117.0 -54.0 -155.0 119.0 -27.0
4314.29 -100.0 118.0 -54.0 -143.0 127.0 -24.0
4328.57 -102.0 120.0 -54.0 -132.0 134.0 -21.0
4342.86 -104.0 122.0 -54.0 -120.0 139.0 -18.0
4357.14 -105.0 124.0 -55.0 -109.0 144.0 -15.0
4371.43 -107.0 127.0 -55.0 -97.0 148.0 -12.0
4385.71 -108.0 129.0 -55.0 -86.0 152.0 -9.0
4400.0 -109.0 131.0 -55.0 -75.0 155.0 -6.0
4414.29 -110.0 133.0 -55.0 -65.0 158.0 -4.0
4428.57 -111.0 136.0 -55.0 -55.0 160.0 -1.0
4442.86 -112.0 138.0 -55.0 -45.0 163.0 1.0
4457.14 -112.0 140.0 -55.0 -36.0 164.0 4.0
4471.43 -113.0 143.0 -55.0 -26.0 165.0 6.0
4485.71 -113.0 145.0 -55.0 -17.0 166.0 9.0
4500.0 -113.0 147.0 -55.0 -8.0 167.0 11.0
4514.29 -113.0 150.0 -55.0 1.0 167.0 13.0
4528.57 -113.0 152.0 -54.0 9.0 167.0 15.0
4542.86 -113.0 155.0 -54.0 17.0 167.0 18.0
4557.14 -113.0 157.0 -54.0 26.0 166.0 20.0
4571.43 -112.0 160.0 -53.0 34.0 166.0 22.0
4585.71 -112.0 162.0 -53.0 41.0 165.0 24.0
4600.0 -111.0 164.0 -53.0 48.0 165.0 26.0
4614.29 -110.0 167.0 -52.0 55.0 163.0 28.0
4628.57 -109.0 169.0 -52.0 62.0 162.0 31.0
4642.86 -108.0 171.0 -51.0 69.0 161.0 33.0
4657.14 -107.0 174.0 -51.0 76.0 161.0 34.0
4671.43 -106.0 176.0 -50.0 82.0 159.0 36.0
4685.71 -105.0 178.0 -50.0 88.0 158.0 38.0
4700.0 -103.0 181.0 -49.0 94.0 156.0 40.0
4714.29 -102.0 183.0 -49.0 99.0 155.0 41.0
4728.57 -100.0 185.0 -48.0 104.0 153.0 43.0
4742.86 -99.0 187.0 -47.0 109.0 152.0 44.0
4757.14 -97.0 189.0 -47.0 114.0 150.0 46.0
4771.43 -95.0 192.0 -46.0 119.0 148.0 48.0
4785.71 -94.0 194.0 -45.0 124.0 147.0 49.0
4800.0 -92.0 196.0 -45.0 128.0 145.0 51.0
4814.29 -90.0 198.0 -44.0 133.0 144.0 53.0
4828.57 -88.0 200.0 -43.0 137.0 142.0 55.0
4842.86 -86.0 202.0 -42.0 141.0 140.0 57.0
4857.14 -84.0 204.0 -41.0 145.0 139.0 58.0
4871.43 -82.0 206.0 -41.0 150.0 137.0 61.0
4885.71 -80.0 208.0 -40.0 154.0 136.0 63.0
4900.0 -77.0 210.0 -39.0 158.0 135.0 65.0
4914.29 -75.0 212.0 -38.0 162.0 133.0 67.0
4928.57 -73.0 214.0 -37.0 166.0 132.0 70.0
4942.86 -70.0 215.0 -36.0 170.0 130.0 72.0
4957.14 -68.0 217.0 -35.0 173.0 129.0 75.0
4971.43 -65.0 219.0 -34.0 177.0 128.0 78.0
4985.71 -63.0 221.0 -32.0 181.0 127.0 81.0
5000.0 -60.0 223.0 -31.0 185.0 126.0 85.0
5014.29 -57.0 225.0 -30.0 189.0 124.0 88.0
5028.57 -55.0 226.0 -29.0 193.0 123.0 92.0
5042.86 -52.0 228.0 -27.0 197.0 122.0 97.0
5057.14 -49.0 230.0 -26.0 201.0 121.0 102.0
5071.43 -46.0 232.0 -24.0 205.0 120.0 107.0
5085.71 -43.0 233.0 -23.0 210.0 120.0 113.0
5100.0 -40.0 235.0 -21.0 214.0 119.0 120.0
5114.29 -37.0 237.0 -19.0 219.0 118.0 127.0
5128.57 -34.0 238.0 -18.0 223.0 116.0 135.0
5142.86 -30.0 240.0 -15.0 228.0 115.0 144.0
5157.14 -27.0 242.0 -13.0 233.0 112.0 154.0
5171.43 -23.0 243.0 -11.0 237.0 109.0 165.0
5185.71 -20.0 245.0 -8.0 241.0 104.0 178.0
5200.0 -16.0 246.0 -6.0 244.0 97.0 191.0
5214.29 -13.0 248.0 -2.0 244.0 89.0 204.0
5228.57 -9.0 249.0 1.0 241.0 78.0 216.0
5242.86 -5.0 250.0 4.0 237.0 64.0 227.0
5257.14 -2.0 251.0 8.0 231.0 49.0 235.0
5271.43 1.0 251.0 11.0 223.0 32.0 241.0
5285.71 5.0 251.0 15.0 215.0 16.0 242.0
5300.0 8.0 251.0 18.0 205.0 1.0 242.0
5314.29 11.0 251.0 22.0 196.0 -13.0 239.0
5328.57 13.0 250.0 25.0 187.0 -26.0 237.0
5342.86 16.0 250.0 29.0 179.0 -38.0 232.0
5357.14 18.0 249.0 32.0 172.0 -47.0 227.0
5371.43 21.0 248.0 35.0 165.0 -56.0 223.0
5385.71 23.0 247.0 38.0 159.0 -64.0 219.0
5400.0 26.0 246.0 41.0 153.0 -72.0 214.0
5414.29 28.0 245.0 44.0 148.0 -79.0 211.0
5428.57 30.0 243.0 47.0 143.0 -85.0 207.0
5442.86 32.0 242.0 50.0 138.0 -92.0 203.0
5457.14 34.0 241.0 53.0 134.0 -97.0 199.0
5471.43 36.0 239.0 56.0 130.0 -103.0 196.0
5485.71 38.0 237.0 59.0 126.0 -108.0 191.0
5500.0 41.0 234.0 65.0 121.0 -127.0 192.0
5514.29 43.0 232.0 67.0 116.0 -131.0 185.0
5528.57 44.0 230.0 70.0 112.0 -134.0 179.0
5542.86 46.0 228.0 73.0 107.0 -137.0 174.0
5557.14 47.0 226.0 75.0 103.0 -140.0 168.0
5571.43 48.0 224.0 77.0 99.0 -143.0 162.0
5585.71 50.0 221.0 80.0 95.0 -145.0 156.0
5600.0 51.0 219.0 82.0 92.0 -147.0 151.0
5614.29 52.0 217.0 84.0 88.0 -150.0 146.0
5628.57 53.0 215.0 86.0 83.0 -151.0 141.0
5642.86 55.0 213.0 88.0 80.0 -153.0 136.0
5657.14 56.0 210.0 90.0 76.0 -155.0 130.0
5671.43 57.0 208.0 92.0 73.0 -156.0 124.0
5685.71 58.0 206.0 93.0 70.0 -157.0 120.0
5700.0 59.0 203.0 95.0 67.0 -158.0 114.0
5714.29 60.0 201.0 96.0 64.0 -159.0 110.0
5728.57 60.0 199.0 98.0 61.0 -161.0 105.0
5742.86 61.0 196.0 99.0 58.0 -162.0 100.0
5757.14 62.0 194.0 101.0 54.0 -163.0 95.0
5771.43 63.0 192.0 102.0 52.0 -164.0 91.0
5785.71 63.0 189.0 103.0 49.0 -165.0 86.0
5800.0 64.0 187.0 104.0 46.0 -166.0 81.0
5814.29 65.0 185.0 106.0 43.0 -168.0 77.0
5828.57 65.0 184.0 106.0 42.0 -168.0 74.0
5842.86 66.0 181.0 106.0 40.0 -168.0 69.0
5857.14 66.0 179.0 107.0 38.0 -169.0 63.0
5871.43 67.0 176.0 108.0 35.0 -170.0 59.0
5885.71 67.0 174.0 109.0 32.0 -170.0 54.0
5900.0 68.0 171.0 110.0 29.0 -172.0 48.0
5914.29 68.0 169.0 110.0 26.0 -172.0 43.0
5928.57 68.0 166.0 111.0 23.0 -173.0 38.0
5942.86 69.0 164.0 111.0 21.0 -173.0 34.0
5957.14 69.0 161.0 112.0 18.0 -173.0 29.0
5971.43 69.0 159.0 112.0 14.0 -173.0 23.0
5985.71 69.0 156.0 113.0 12.0 -172.0 18.0
6000.0 69.0 154.0 113.0 9.0 -172.0 13.0
6014.29 70.0 151.0 113.0 6.0 -172.0 7.0
6028.57 70.0 149.0 113.0 3.0 -173.0 2.0
6042.86 70.0 146.0 113.0 0.0 -172.0 -3.0
6057.14 70.0 143.0 114.0 -2.0 -169.0 -9.0
6071.43 70.0 141.0 114.0 -5.0 -168.0 -15.0
6085.71 70.0 139.0 113.0 -8.0 -167.0 -20.0
6100.0 69.0 136.0 113.0 -10.0 -166.0 -24.0
6114.29 69.0 134.0 113.0 -13.0 -166.0 -29.0
6128.57 69.0 132.0 112.0 -15.0 -165.0 -35.0
6142.86 69.0 129.0 111.0 -18.0 -164.0 -41.0
6157.14 68.0 127.0 110.0 -21.0 -164.0 -45.0
6171.43 68.0 125.0 110.0 -24.0 -161.0 -51.0
6185.71 68.0 123.0 109.0 -27.0 -159.0 -56.0
6200.0 67.0 120.0 108.0 -31.0 -157.0 -62.0
6214.29 67.0 118.0 107.0 -34.0 -155.0 -68.0
6228.57 66.0 116.0 106.0 -37.0 -153.0 -74.0
6242.86 66.0 114.0 105.0 -39.0 -151.0 -80.0
6257.14 65.0 112.0 104.0 -42.0 -149.0 -86.0
6271.43 65.0 110.0 103.0 -44.0 -146.0 -91.0
6285.71 64.0 108.0 101.0 -47.0 -144.0 -97.0
6300.0 63.0 106.0 100.0 -50.0 -140.0 -103.0
6314.29 63.0 104.0 98.0 -53.0 -138.0 -109.0
6328.57 62.0 102.0 97.0 -56.0 -135.0 -115.0
6342.86 61.0 100.0 95.0 -59.0 -131.0 -122.0
6357.14 60.0 98.0 93.0 -62.0 -127.0 -128.0
6371.43 59.0 96.0 91.0 -64.0 -123.0 -135.0
6385.71 58.0 95.0 89.0 -67.0 -119.0 -141.0
6400.0 57.0 93.0 87.0 -70.0 -115.0 -147.0
6414.29 56.0 91.0 85.0 -73.0 -110.0 -153.0
6428.57 55.0 90.0 83.0 -76.0 -104.0 -159.0
6442.86 54.0 88.0 80.0 -78.0 -97.0 -165.0
6457.14 53.0 87.0 78.0 -80.0 -91.0 -171.0
6471.43 52.0 86.0 75.0 -83.0 -86.0 -178.0
6485.71 50.0 85.0 73.0 -86.0 -79.0 -184.0
6500.0 49.0 84.0 70.0 -87.0 -71.0 -189.0
6514.29 48.0 83.0 67.0 -89.0 -65.0 -194.0
6528.57 47.0 82.0 64.0 -91.0 -57.0 -200.0
6542.86 45.0 81.0 61.0 -94.0 -48.0 -206.0
6557.14 44.0 80.0 58.0 -96.0 -39.0 -213.0
6571.43 42.0 80.0 55.0 -99.0 -29.0 -219.0
6585.71 41.0 80.0 52.0 -102.0 -19.0 -225.0
6600.0 39.0 80.0 49.0 -102.0 -7.0 -230.0
6614.29 38.0 80.0 45.0 -104.0 4.0 -235.0
6628.57 36.0 80.0 42.0 -103.0 17.0 -238.0
6642.86 35.0 80.0 38.0 -103.0 29.0 -240.0
6657.14 33.0 81.0 35.0 -102.0 42.0 -242.0
6671.43 32.0 82.0 31.0 -101.0 57.0 -244.0
6685.71 30.0 82.0 27.0 -99.0 70.0 -242.0
6700.0 29.0 84.0 24.0 -97.0 85.0 -240.0
6714.29 27.0 85.0 20.0 -94.0 99.0 -237.0
6728.57 26.0 87.0 17.0 -91.0 113.0 -232.0
6742.86 25.0 89.0 14.0 -87.0 127.0 -226.0
6757.14 24.0 91.0 11.0 -82.0 140.0 -220.0
6771.43 22.0 93.0 7.0 -77.0 152.0 -212.0
6785.71 21.0 95.0 4.0 -71.0 165.0 -204.0
6800.0 20.0 98.0 2.0 -65.0 175.0 -195.0
6814.29 19.0 101.0 -1.0 -57.0 184.0 -186.0
6828.57 19.0 103.0 -4.0 -50.0 191.0 -174.0
6842.86 17.0 107.0 -8.0 -48.0 215.0 -168.0
6857.14 17.0 111.0 -10.0 -42.0 218.0 -155.0
6871.43 16.0 114.0 -12.0 -35.0 222.0 -142.0
6885.71 16.0 117.0 -14.0 -29.0 225.0 -130.0
6900.0 15.0 120.0 -16.0 -22.0 227.0 -118.0
6914.29 15.0 123.0 -18.0 -15.0 228.0 -105.0
6928.57 15.0 127.0 -19.0 -9.0 227.0 -94.0
6942.86 15.0 130.0 -20.0 -3.0 227.0 -82.0
6957.14 15.0 133.0 -21.0 3.0 225.0 -71.0
6971.43 15.0 136.0 -22.0 8.0 222.0 -60.0
6985.71 15.0 140.0 -23.0 13.0 220.0 -49.0
7000.0 15.0 143.0 -24.0 17.0 217.0 -40.0
7014.29 15.0 146.0 -24.0 22.0 214.0 -31.0
7028.57 16.0 149.0 -24.0 27.0 211.0 -22.0
7042.86 16.0 152.0 -25.0 31.0 206.0 -14.0
7057.14 17.0 155.0 -25.0 35.0 202.0 -7.0
7071.43 17.0 158.0 -25.0 39.0 197.0 2.0
7085.71 18.0 161.0 -25.0 42.0 191.0 10.0
7100.0 18.0 163.0 -24.0 46.0 186.0 18.0
7114.29 19.0 166.0 -24.0 49.0 181.0 24.0
7128.57 20.0 169.0 -24.0 52.0 176.0 30.0
7142.86 21.0 171.0 -23.0 55.0 170.0 36.0
7157.14 22.0 173.0 -23.0 58.0 165.0 42.0
7171.43 22.0 176.0 -22.0 61.0 159.0 48.0
7185.71 23.0 178.0 -21.0 64.0 154.0 55.0
7200.0 24.0 180.0 -20.0 67.0 147.0 60.0
7214.29 25.0 183.0 -20.0 70.0 141.0 65.0
7228.57 26.0 185.0 -19.0 73.0 135.0 69.0
7242.86 27.0 187.0 -17.0 75.0 129.0 74.0
7257.14 28.0 188.0 -16.0 77.0 123.0 80.0
7271.43 30.0 190.0 -15.0 79.0 117.0 84.0
7285.71 31.0 192.0 -14.0 80.0 111.0 88.0
7300.0 32.0 193.0 -13.0 82.0 105.0 92.0
7314.29 33.0 195.0 -11.0 84.0 99.0 97.0
7328.57 34.0 196.0 -10.0 86.0 94.0 101.0
7342.86 35.0 198.0 -8.0 87.0 88.0 104.0
7357.14 37.0 199.0 -7.0 89.0 83.0 108.0
7371.43 38.0 200.0 -5.0 91.0 76.0 112.0
7385.71 39.0 202.0 -4.0 91.0 78.0 113.0
7400.0 40.0 203.0 -3.0 91.0 72.0 117.0
7414.29 42.0 204.0 -1.0 93.0 66.0 119.0
7428.57 43.0 205.0 1.0 94.0 59.0 120.0
7442.86 44.0 206.0 3.0 94.0 54.0 124.0
7457.14 46.0 207.0 4.0 96.0 48.0 127.0
7471.43 47.0 207.0 7.0 97.0 42.0 130.0
7485.71 55.0 179.0 27.0 117.0 -67.0 156.0
7500.0 57.0 173.0 32.0 119.0 -95.0 156.0
7514.29 58.0 166.0 36.0 117.0 -95.0 132.0
7528.57 60.0 165.0 38.0 117.0 -104.0 134.0
7542.86 61.0 163.0 41.0 118.0 -117.0 133.0
7557.14 63.0 161.0 42.0 118.0 -121.0 131.0
7571.43 64.0 159.0 43.0 114.0 -125.0 132.0
7585.71 66.0 157.0 46.0 114.0 -130.0 131.0
7600.0 67.0 156.0 47.0 112.0 -133.0 126.0
7614.29 68.0 155.0 49.0 107.0 -132.0 120.0
7628.57 70.0 154.0 50.0 109.0 -137.0 125.0
7642.86 71.0 153.0 52.0 107.0 -147.0 125.0
7657.14 72.0 151.0 53.0 107.0 -152.0 128.0
7671.43 72.0 149.0 55.0 98.0 -151.0 122.0
7685.71 74.0 148.0 57.0 92.0 -154.0 118.0
7700.0 75.0 146.0 59.0 88.0 -154.0 112.0
7714.29 76.0 145.0 59.0 83.0 -146.0 108.0
7728.57 77.0 144.0 61.0 83.0 -146.0 104.0
7742.86 78.0 145.0 62.0 78.0 -141.0 101.0
7757.14 79.0 143.0 63.0 77.0 -142.0 96.0
7771.43 80.0 143.0 64.0 78.0 -143.0 93.0
7785.71 81.0 143.0 64.0 77.0 -137.0 92.0
7800.0 82.0 142.0 66.0 74.0 -139.0 88.0
7814.29 83.0 142.0 67.0 73.0 -136.0 84.0
7828.57 85.0 144.0 68.0 73.0 -134.0 90.0
7842.86 86.0 144.0 68.0 77.0 -137.0 96.0
7857.14 87.0 144.0 69.0 70.0 -131.0 97.0
7871.43 88.0 144.0 70.0 65.0 -130.0 98.0
7885.71 89.0 144.0 72.0 63.0 -126.0 99.0
7900.0 90.0 151.0 72.0 74.0 -134.0 115.0
7914.29 92.0 182.0 74.0 101.0 -171.0 158.0
7928.57 94.0 179.0 76.0 99.0 -180.0 156.0
7942.86 95.0 177.0 78.0 98.0 -189.0 154.0
7957.14 96.0 174.0 81.0 96.0 -201.0 152.0
7971.43 98.0 171.0 83.0 93.0 -210.0 150.0
7985.71 99.0 168.0 85.0 91.0 -220.0 146.0
8000.0 100.0 165.0 87.0 88.0 -230.0 142.0
8014.29 102.0 161.0 89.0 85.0 -240.0 139.0
8028.57 103.0 158.0 91.0 83.0 -248.0 134.0
8042.86 104.0 153.0 93.0 75.0 -246.0 124.0
8057.14 105.0 149.0 94.0 71.0 -255.0 118.0
8071.43 106.0 146.0 96.0 67.0 -267.0 111.0
8085.71 107.0 142.0 98.0 63.0 -275.0 104.0
8100.0 108.0 137.0 99.0 58.0 -284.0 95.0
8114.29 109.0 133.0 100.0 55.0 -296.0 86.0
8128.57 109.0 129.0 102.0 50.0 -304.0 76.0
8142.86 110.0 124.0 103.0 45.0 -313.0 66.0
8157.14 111.0 120.0 103.0 40.0 -320.0 56.0
8171.43 111.0 115.0 104.0 32.0 -324.0 42.0
8185.71 112.0 110.0 105.0 25.0 -332.0 29.0
8200.0 112.0 105.0 105.0 18.0 -338.0 14.0
8214.29 112.0 100.0 105.0 11.0 -342.0 -1.0
8228.57 112.0 95.0 105.0 2.0 -342.0 -18.0
8242.86 112.0 91.0 105.0 -6.0 -339.0 -34.0
8257.14 112.0 86.0 104.0 -16.0 -337.0 -51.0
8271.43 112.0 81.0 103.0 -24.0 -332.0 -67.0
8285.71 111.0 76.0 102.0 -32.0 -325.0 -82.0
8300.0 111.0 71.0 101.0 -41.0 -316.0 -97.0
8314.29 110.0 67.0 99.0 -48.0 -306.0 -111.0
8328.57 109.0 63.0 97.0 -51.0 -275.0 -114.0
8342.86 108.0 59.0 95.0 -58.0 -261.0 -123.0
8357.14 107.0 55.0 93.0 -63.0 -247.0 -133.0
8371.43 97.0 60.0 76.0 -20.0 -112.0 -57.0
8385.71 97.0 58.0 75.0 -21.0 -106.0 -60.0
8400.0 104.0 45.0 86.0 -74.0 -201.0 -153.0
8414.29 103.0 42.0 84.0 -79.0 -186.0 -159.0
8428.57 102.0 39.0 81.0 -82.0 -172.0 -163.0
8442.86 101.0 36.0 79.0 -87.0 -168.0 -179.0
8457.14 100.0 33.0 76.0 -87.0 -153.0 -180.0
8471.43 98.0 31.0 74.0 -88.0 -140.0 -180.0
8485.71 97.0 29.0 71.0 -89.0 -127.0 -181.0
8500.0 96.0 28.0 68.0 -89.0 -112.0 -182.0
8514.29 94.0 26.0 66.0 -88.0 -99.0 -180.0
8528.57 93.0 25.0 63.0 -86.0 -88.0 -177.0
8542.86 92.0 24.0 60.0 -84.0 -76.0 -175.0
8557.14 91.0 23.0 58.0 -83.0 -63.0 -173.0
8571.43 89.0 22.0 56.0 -81.0 -50.0 -167.0
8585.71 88.0 21.0 53.0 -79.0 -38.0 -163.0
8600.0 87.0 21.0 51.0 -76.0 -27.0 -160.0
8614.29 86.0 20.0 48.0 -73.0 -17.0 -157.0
8628.57 85.0 20.0 46.0 -69.0 -7.0 -152.0
8642.86 84.0 20.0 44.0 -64.0 3.0 -148.0
8657.14 83.0 20.0 42.0 -62.0 12.0 -141.0
8671.43 82.0 20.0 40.0 -59.0 20.0 -135.0
8685.71 81.0 21.0 38.0 -55.0 28.0 -131.0
8700.0 80.0 21.0 36.0 -52.0 36.0 -125.0
8714.29 80.0 21.0 34.0 -49.0 43.0 -121.0
8728.57 79.0 22.0 33.0 -44.0 49.0 -114.0
8742.86 78.0 23.0 31.0 -40.0 56.0 -108.0
8757.14 77.0 24.0 29.0 -36.0 63.0 -102.0
8771.43 77.0 24.0 28.0 -33.0 70.0 -95.0
8785.71 76.0 25.0 27.0 -29.0 76.0 -88.0
8800.0 76.0 27.0 25.0 -27.0 82.0 -82.0
8814.29 75.0 28.0 24.0 -25.0 87.0 -76.0
8828.57 75.0 29.0 23.0 -22.0 92.0 -70.0
8842.86 74.0 30.0 22.0 -17.0 97.0 -63.0
8857.14 74.0 31.0 21.0 -14.0 101.0 -57.0
8871.43 74.0 33.0 20.0 -11.0 107.0 -52.0
8885.71 74.0 34.0 20.0 -7.0 110.0 -47.0
8900.0 73.0 36.0 19.0 -4.0 114.0 -40.0
8914.29 73.0 37.0 19.0 -1.0 117.0 -34.0
8928.57 73.0 39.0 18.0 2.0 121.0 -28.0
8942.86 73.0 40.0 16.0 2.0 121.0 -25.0
8957.14 73.0 42.0 16.0 7.0 124.0 -18.0
8971.43 73.0 43.0 16.0 11.0 126.0 -10.0
8985.71 73.0 45.0 16.0 15.0 131.0 -3.0
9000.0 73.0 47.0 16.0 18.0 133.0 3.0
9014.29 74.0 49.0 16.0 22.0 137.0 10.0
9028.57 74.0 51.0 16.0 27.0 139.0 19.0
9042.86 74.0 53.0 17.0 31.0 142.0 25.0
9057.14 75.0 55.0 17.0 36.0 143.0 34.0
9071.43 76.0 57.0 19.0 41.0 141.0 44.0
9085.71 91.0 66.0 46.0 68.0 129.0 85.0
9100.0 95.0 68.0 52.0 74.0 123.0 101.0
9114.29 97.0 69.0 55.0 77.0 121.0 114.0
9128.57 99.0 70.0 58.0 78.0 119.0 122.0
9142.86 102.0 67.0 61.0 53.0 84.0 87.0
9157.14 103.0 68.0 63.0 54.0 83.0 88.0
9171.43 104.0 69.0 63.0 56.0 87.0 92.0
9185.71 105.0 69.0 65.0 57.0 84.0 93.0
9200.0 107.0 70.0 67.0 57.0 81.0 95.0
9214.29 108.0 70.0 69.0 57.0 78.0 97.0
9228.57 108.0 71.0 69.0 60.0 77.0 99.0
9242.86 110.0 71.0 71.0 62.0 75.0 105.0
9257.14 110.0 72.0 72.0 63.0 74.0 107.0
9271.43 111.0 75.0 75.0 53.0 106.0 101.0
9285.71 112.0 75.0 75.0 52.0 107.0 99.0
9300.0 112.0 77.0 75.0 66.0 110.0 112.0
9314.29 112.0 79.0 74.0 75.0 108.0 123.0
9328.57 110.0 82.0 70.0 90.0 105.0 141.0
9342.86 99.0 94.0 52.0 139.0 103.0 214.0
9357.14 101.0 95.0 55.0 146.0 95.0 226.0
9371.43 103.0 96.0 58.0 153.0 87.0 237.0
9385.71 106.0 97.0 63.0 152.0 80.0 235.0
9400.0 108.0 98.0 66.0 159.0 67.0 242.0
9414.29 111.0 99.0 70.0 167.0 57.0 253.0
9428.57 113.0 99.0 74.0 173.0 46.0 261.0
9442.86 116.0 100.0 78.0 179.0 30.0 270.0
9457.14 118.0 100.0 81.0 185.0 15.0 278.0
9471.43 121.0 100.0 86.0 191.0 -3.0 286.0
9485.71 124.0 100.0 90.0 198.0 -22.0 289.0
9500.0 127.0 99.0 94.0 202.0 -45.0 293.0
9514.29 130.0 98.0 99.0 205.0 -65.0 295.0
9528.57 133.0 97.0 103.0 205.0 -87.0 293.0
9542.86 136.0 96.0 107.0 202.0 -111.0 288.0
9557.14 139.0 94.0 112.0 202.0 -134.0 279.0
9571.43 142.0 91.0 116.0 196.0 -155.0 267.0
9585.71 145.0 89.0 120.0 186.0 -174.0 254.0
9600.0 148.0 86.0 123.0 177.0 -190.0 241.0
9614.29 150.0 83.0 127.0 168.0 -202.0 224.0
9628.57 153.0 80.0 130.0 158.0 -213.0 208.0
9642.86 155.0 76.0 133.0 149.0 -225.0 194.0
9657.14 157.0 73.0 136.0 142.0 -234.0 179.0
9671.43 159.0 69.0 139.0 134.0 -239.0 162.0
9685.71 161.0 65.0 141.0 125.0 -241.0 148.0
9700.0 163.0 62.0 143.0 117.0 -241.0 133.0
9714.29 165.0 58.0 145.0 109.0 -241.0 116.0
9728.57 167.0 54.0 147.0 101.0 -243.0 103.0
9742.86 168.0 51.0 148.0 92.0 -240.0 89.0
9757.14 169.0 47.0 149.0 84.0 -239.0 79.0
9771.43 171.0 43.0 151.0 82.0 -245.0 71.0
9785.71 172.0 40.0 152.0 76.0 -241.0 59.0
9800.0 173.0 37.0 153.0 67.0 -235.0 45.0
9814.29 174.0 33.0 154.0 59.0 -230.0 35.0
9828.57 175.0 30.0 154.0 51.0 -224.0 24.0
9842.86 176.0 27.0 154.0 44.0 -218.0 14.0
9857.14 176.0 24.0 154.0 38.0 -211.0 5.0
9871.43 177.0 21.0 154.0 33.0 -204.0 -4.0
9885.71 177.0 18.0 154.0 28.0 -199.0 -10.0
9900.0 178.0 15.0 154.0 22.0 -192.0 -19.0
9914.29 178.0 12.0 154.0 17.0 -184.0 -28.0
9928.57 178.0 10.0 153.0 10.0 -175.0 -35.0
9942.86 170.0 13.0 141.0 -26.0 -121.0 -67.0
9957.14 162.0 17.0 129.0 -64.0 -52.0 -95.0
9971.43 161.0 19.0 127.0 -45.0 -42.0 -73.0
9985.71 158.0 21.0 123.0 -55.0 -14.0 -77.0
10000.0 156.0 23.0 120.0 -58.0 3.0 -81.0
10014.3 155.0 24.0 118.0 -58.0 16.0 -75.0
10028.6 154.0 25.0 117.0 -59.0 26.0 -73.0
10042.9 155.0 28.0 120.0 -23.0 -2.0 -41.0
10057.1 155.0 29.0 119.0 -21.0 6.0 -37.0
10071.4 155.0 29.0 118.0 -20.0 10.0 -37.0
10085.7 155.0 29.0 117.0 -22.0 16.0 -35.0
10100.0 155.0 30.0 117.0 -20.0 18.0 -32.0
10114.3 154.0 30.0 116.0 -19.0 21.0 -30.0
10128.6 154.0 30.0 116.0 -20.0 26.0 -27.0
10142.9 154.0 30.0 116.0 -21.0 29.0 -24.0
10157.1 154.0 30.0 116.0 -21.0 31.0 -22.0
10171.4 154.0 31.0 116.0 -18.0 30.0 -20.0
10185.7 154.0 31.0 116.0 -16.0 33.0 -19.0
10200.0 154.0 31.0 116.0 -16.0 34.0 -18.0
10214.3 154.0 32.0 115.0 -13.0 36.0 -16.0
10228.6 154.0 33.0 115.0 -12.0 36.0 -14.0
10242.9 154.0 33.0 115.0 -10.0 38.0 -11.0
10257.1 154.0 32.0 116.0 -8.0 35.0 -13.0
10271.4 155.0 32.0 115.0 -9.0 34.0 -12.0
10285.7 155.0 32.0 115.0 -8.0 33.0 -12.0
10300.0 155.0 32.0 115.0 -6.0 35.0 -11.0
10314.3 155.0 32.0 115.0 -6.0 35.0 -13.0
10328.6 155.0 31.0 115.0 -7.0 37.0 -12.0
10342.9 156.0 30.0 115.0 -8.0 36.0 -15.0
10357.1 155.0 35.0 117.0 10.0 21.0 8.0
10371.4 155.0 36.0 117.0 10.0 22.0 10.0
10385.7 155.0 36.0 117.0 11.0 24.0 10.0
10400.0 156.0 37.0 117.0 12.0 26.0 11.0
10414.3 156.0 37.0 117.0 14.0 28.0 12.0
10428.6 156.0 38.0 117.0 15.0 31.0 14.0
10442.9 156.0 39.0 118.0 16.0 34.0 16.0
10457.1 157.0 39.0 118.0 17.0 35.0 17.0
10471.4 157.0 40.0 118.0 18.0 37.0 20.0
10485.7 157.0 41.0 118.0 20.0 39.0 23.0
10500.0 157.0 42.0 119.0 21.0 40.0 25.0
10514.3 157.0 42.0 119.0 23.0 42.0 29.0
10528.6 158.0 43.0 119.0 24.0 42.0 32.0
10542.9 157.0 43.0 119.0 25.0 13.0 25.0
10557.1 157.0 44.0 119.0 26.0 13.0 26.0
10571.4 158.0 44.0 120.0 28.0 12.0 28.0
10585.7 158.0 44.0 120.0 29.0 12.0 30.0
10600.0 159.0 45.0 121.0 30.0 11.0 31.0
10614.3 159.0 45.0 122.0 32.0 10.0 33.0
10628.6 160.0 45.0 122.0 33.0 8.0 34.0
10642.9 161.0 45.0 123.0 34.0 6.0 35.0
10657.1 161.0 46.0 123.0 35.0 5.0 36.0
10671.4 162.0 46.0 124.0 36.0 3.0 37.0
10685.7 163.0 46.0 125.0 36.0 1.0 38.0
10700.0 163.0 46.0 126.0 37.0 -0.0 38.0
10714.3 164.0 46.0 127.0 37.0 -2.0 39.0
10728.6 164.0 46.0 127.0 37.0 -4.0 39.0
10742.9 165.0 46.0 128.0 38.0 -6.0 40.0
10757.1 166.0 46.0 129.0 38.0 -7.0 40.0
10771.4 167.0 46.0 130.0 38.0 -9.0 40.0
10785.7 167.0 46.0 130.0 39.0 -10.0 40.0
10800.0 166.0 90.0 133.0 138.0 92.0 194.0
10814.3 168.0 92.0 136.0 141.0 78.0 192.0
10828.6 170.0 93.0 139.0 145.0 60.0 191.0
10842.9 172.0 93.0 142.0 144.0 45.0 190.0
10857.1 175.0 94.0 144.0 143.0 32.0 187.0
10871.4 177.0 94.0 147.0 142.0 17.0 186.0
10885.7 179.0 95.0 150.0 141.0 5.0 183.0
10900.0 181.0 95.0 152.0 139.0 -5.0 178.0
10914.3 183.0 95.0 155.0 141.0 -16.0 175.0
10928.6 185.0 68.0 151.0 116.0 -81.0 104.0
10942.9 186.0 63.0 151.0 110.0 -97.0 88.0
10957.1 186.0 57.0 149.0 106.0 -105.0 66.0
10971.4 184.0 54.0 147.0 67.0 -75.0 46.0
10985.7 185.0 51.0 147.0 63.0 -80.0 39.0
11000.0 186.0 49.0 147.0 58.0 -81.0 33.0
11014.3 186.0 47.0 147.0 55.0 -83.0 29.0
11028.6 186.0 46.0 147.0 52.0 -83.0 28.0
11042.9 187.0 45.0 147.0 48.0 -84.0 28.0
11057.1 187.0 44.0 147.0 45.0 -84.0 24.0
11071.4 187.0 43.0 147.0 44.0 -84.0 24.0
11085.7 187.0 42.0 147.0 46.0 -79.0 25.0
11100.0 187.0 40.0 148.0 45.0 -76.0 23.0
11114.3 188.0 40.0 148.0 44.0 -75.0 22.0
11128.6 188.0 38.0 148.0 42.0 -73.0 18.0
11142.9 188.0 37.0 148.0 40.0 -70.0 15.0
11157.1 188.0 37.0 148.0 38.0 -69.0 15.0
11171.4 188.0 36.0 148.0 39.0 -64.0 14.0
11185.7 188.0 38.0 149.0 39.0 -52.0 28.0
11200.0 189.0 37.0 150.0 38.0 -52.0 26.0
11214.3 189.0 37.0 150.0 37.0 -52.0 25.0
11228.6 189.0 36.0 150.0 36.0 -53.0 23.0
11242.9 190.0 35.0 151.0 34.0 -53.0 22.0
11257.1 190.0 34.0 151.0 34.0 -53.0 20.0
11271.4 190.0 34.0 151.0 33.0 -53.0 19.0
11285.7 191.0 33.0 151.0 32.0 -53.0 16.0
11300.0 191.0 32.0 151.0 31.0 -53.0 15.0
11314.3 191.0 31.0 151.0 30.0 -52.0 13.0
11328.6 191.0 31.0 151.0 29.0 -52.0 12.0
11342.9 191.0 30.0 151.0 27.0 -51.0 11.0
11357.1 191.0 29.0 151.0 27.0 -50.0 10.0
11371.4 192.0 28.0 151.0 26.0 -49.0 9.0
11385.7 192.0 28.0 151.0 25.0 -49.0 7.0
11400.0 192.0 27.0 151.0 24.0 -48.0 5.0
11414.3 192.0 27.0 151.0 23.0 -48.0 4.0
