time x y z vx vy vz
0.0 30.0 0.0 0.0 0.0 215.13 0.0
0.01 29.9168945814 2.13774414964 0.0 -16.6210837182 212.418829929 0.0
0.02 29.6687792279 4.24251275117 0.0 -33.0019869809 208.534890376 0.0
0.03 29.2584152516 6.30271845378 0.0 -49.0708082876 203.506250147 0.0
0.04 28.6892606135 8.30706319132 0.0 -64.7601193239 197.36269736 0.0
0.05 27.9654278665 10.2445515333 0.0 -80.0064300792 190.134971045 0.0
0.060000000000000005 27.0916479153 12.1044970153 0.0 -94.7495601649 181.854125351 0.0
0.07 26.0732404474 13.8765227606 0.0 -108.931933409 172.551023714 0.0
0.08 24.9160917448 15.5505576796 0.0 -122.497807103 162.25596008 0.0
0.09 23.6266404985 17.1168295086 0.0 -135.392442157 150.99840572 0.0
0.09999999999999999 22.2118722072 18.565855954 0.0 -147.561216111 138.806883368 0.0
0.10999999999999999 20.6793227385 19.8884352454 0.0 -158.948677635 125.708974907 0.0
0.11999999999999998 19.0370916555 21.0756374942 0.0 -169.497538959 111.731474847 0.0
0.12999999999999998 17.2938659515 22.1187984145 0.0 -179.147601847 96.9007092129 0.0
0.13999999999999999 15.4589548746 23.0095172033 0.0 -187.834613531 81.2430485503 0.0
0.15 13.5423365469 23.7396607192 0.0 -195.489052003 64.7856546359 0.0
0.16 11.5547170568 24.301376561 0.0 -202.034846033 47.5575137167 0.0
0.17 9.50760259857 24.6871182538 0.0 -207.388045604 29.5908248485 0.0
0.18000000000000002 7.41338499499 24.8896865305 0.0 -211.455475113 10.9228304824 0.0
0.19000000000000003 5.28544048079 24.9022916704 0.0 -214.133427726 -8.40180249742 0.0
0.20000000000000004 3.1382408479 24.7186430538 0.0 -215.306498852 -28.3279208214 0.0
0.21000000000000005 0.987474775862 24.3330734932 0.0 -214.846715557 -48.7859912944 0.0
0.22000000000000006 -1.14982482087 23.7407074691 0.0 -212.613203791 -69.6872135254 0.0
0.23000000000000007 -3.25515461086 22.937683969 0.0 -208.452754206 -90.9174865042 0.0
0.24000000000000007 -5.30842741096 21.9214458922 0.0 -202.201805816 -112.330128851 0.0
0.25000000000000006 -7.28788925678 20.6911083418 0.0 -193.690563348 -133.737381225 0.0
0.26000000000000006 -9.17009297359 19.2479165689 0.0 -182.750180013 -154.900973361 0.0
0.2700000000000001 -10.9299644669 17.5957993086 0.0 -169.224118641 -175.522478695 0.0
0.2800000000000001 -12.5410092504 15.7420125983 0.0 -152.984838074 -195.234863376 0.0
0.2900000000000001 -13.9757166586 13.6978504166 0.0 -133.956643567 -213.597572955 0.0
0.3000000000000001 -15.2062229591 11.4793697127 0.0 -112.144616525 -230.098567835 0.0
0.3100000000000001 -16.2052846753 9.10803912711 0.0 -87.6677267069 -244.167549276 0.0
0.3200000000000001 -16.9475806702 6.61117882805 0.0 -60.791472277 -255.204510536 0.0
0.3300000000000001 -17.4112990756 4.02202741134 0.0 -31.9522087995 -262.625772805 0.0
0.34000000000000014 -17.5798757729 1.3792727152 0.0 -1.76313067233 -265.925166424 0.0
0.35000000000000014 -17.4436552865 -1.27406073126 0.0 29.007227954 -264.741522868 0.0
0.36000000000000015 -17.0011818085 -3.89235639917 0.0 59.4874676452 -258.917610714 0.0
0.37000000000000016 -16.2598413871 -6.42961395763 0.0 88.7806166447 -248.533900977 0.0
0.38000000000000017 -15.2356862485 -8.8418124851 0.0 116.050411068 -233.905804517 0.0
0.3900000000000002 -13.9524520056 -11.0890618918 0.0 140.596437515 -215.544076833 0.0
0.4000000000000002 -12.4399600875 -13.1372304856 0.0 161.901946115 -194.08964191 0.0
0.4100000000000002 -10.7322098023 -14.9588803203 0.0 179.64811092 -170.240325037 0.0
0.4200000000000002 -8.86547424649 -16.5335105441 0.0 193.699000237 -144.685719729 0.0
0.4300000000000002 -6.8766400312 -17.8472390009 0.0 204.067842821 -118.059971634 0.0
0.4400000000000002 -4.80192020019 -18.8921131889 0.0 210.876123381 -90.9148659499 0.0
0.45000000000000023 -2.6759680071 -19.6652392242 0.0 214.314315235 -63.7103411154 0.0
0.46000000000000024 -0.531350606783 -20.1678772955 0.0 214.609164829 -36.8172731372 0.0
0.47000000000000025 1.60169086876 -20.4046005534 0.0 211.99913028 -10.527378461 0.0
0.48000000000000026 3.69527394475 -20.3825685932 0.0 206.717484917 14.9337705154 0.0
0.49000000000000027 5.72376951149 -20.1109336453 0.0 198.98162843 39.3932190611 0.0
0.5000000000000002 7.66361231655 -19.6003775839 0.0 188.986932582 62.7179932175 0.0
0.5100000000000002 9.49306512529 -18.862768149 0.0 176.903629166 84.8038937585 0.0
0.5200000000000002 11.1919611886 -17.9109200829 0.0 162.875583487 105.565719462 0.0
0.5300000000000002 12.7414398897 -16.7584484346 0.0 147.020156744 124.928610208 0.0
0.5400000000000003 14.1236841269 -15.4197051475 0.0 129.428690695 142.8200472 0.0
0.5500000000000003 15.3216647564 -13.9097949741 0.0 110.167435196 159.161987488 0.0
0.5600000000000003 16.3188968958 -12.244672039 0.0 89.2789926993 173.862599528 0.0
0.5700000000000003 17.0992148506 -10.4413236612 0.0 66.7845982582 186.807076039 0.0
0.5800000000000003 17.6465770085 -8.51805320937 0.0 42.6878333201 197.847014321 0.0
0.5900000000000003 17.9449199643 -6.49487872805 0.0 16.9807578296 206.787881942 0.0
0.6000000000000003 17.9780939747 -4.39406837841 0.0 -10.3459557341 213.374187986 0.0
0.6100000000000003 17.729932435 -2.24083584598 0.0 -39.2863522211 217.272318501 0.0
0.6200000000000003 17.184540607 -0.0642146407493 0.0 -69.792013378 218.051922545 0.0
0.6300000000000003 16.326938249 2.10188969103 0.0 -101.728458216 215.168943811 0.0
0.6400000000000003 15.1442593924 4.21752482404 0.0 -134.807313106 207.958082792 0.0
0.6500000000000004 13.6277896929 6.23557161751 0.0 -168.486626791 195.651275903 0.0
0.6600000000000004 11.7761592169 8.10109012928 0.0 -201.839468406 177.452426451 0.0
0.6700000000000004 9.59987698212 9.75191248373 0.0 -233.416978555 152.712044439 0.0
0.6800000000000004 7.12685557884 11.1216584879 0.0 -261.187302101 121.237156392 0.0
0.6900000000000004 4.40741959913 12.1463327513 0.0 -282.699893841 83.6976962898 0.0
0.7000000000000004 1.51586332619 12.7744573401 0.0 -295.611360747 41.927221472 0.0
0.7100000000000004 -1.45457001668 12.9780384105 0.0 -298.475307825 -1.21100738658 0.0
0.7200000000000004 -4.40363320113 12.7593406235 0.0 -291.337329066 -42.5285500256 0.0
0.7300000000000004 -7.2386659732 12.1495862973 0.0 -275.669225347 -79.4223152141 0.0
0.7400000000000004 -9.88556894511 11.2004181186 0.0 -253.711369036 -110.411320528 0.0
0.7500000000000004 -12.2927900763 9.97285755904 0.0 -227.732857193 -135.100791376 0.0
0.7600000000000005 -14.429405425 8.52825440386 0.0 -199.590212553 -153.81983966 0.0
0.7700000000000005 -16.2804167127 6.92295242622 0.0 -170.612044999 -167.240555866 0.0
0.7800000000000005 -17.8418070165 5.20615549536 0.0 -141.666015747 -176.118830306 0.0
0.7900000000000005 -19.1165367417 3.41976023366 0.0 -113.279929307 -181.160222034 0.0
0.8000000000000005 -20.1117033607 1.5991174961 0.0 -85.7533944822 -182.968325479 0.0
0.8100000000000005 -20.8366776572 -0.225905692838 0.0 -59.2414648172 -182.036312308 0.0
0.8200000000000005 -21.3019415069 -2.02987215132 0.0 -33.8113051251 -178.756979389 0.0
0.8300000000000005 -21.5183898159 -3.79084924674 0.0 -9.47835667598 -173.438439695 0.0
0.8400000000000005 -21.4969234274 -5.48963909635 0.0 13.7716343791 -166.319530226 0.0
0.8500000000000005 -21.2482159974 -7.10914914939 0.0 35.9698516207 -157.582480383 0.0
0.8600000000000005 -20.7825797071 -8.63387124853 0.0 57.1574064331 -147.361939447 0.0
0.8700000000000006 -20.1098851089 -10.0494316753 0.0 77.3815132115 -135.750145915 0.0
0.8800000000000006 -19.2395135147 -11.3421744658 0.0 96.6928056232 -122.798412174 0.0
0.8900000000000006 -18.1803385966 -12.4987435922 0.0 115.142177998 -108.515413113 0.0
0.9000000000000006 -16.9407477294 -13.5056353972 0.0 132.775995454 -92.8629478896 0.0
0.9100000000000006 -15.5287229249 -14.3486986846 0.0 149.628965434 -75.7497095834 0.0
0.9200000000000006 -13.952007492 -15.0125625992 0.0 165.714121157 -57.0230733256 0.0
0.9300000000000006 -12.2183924627 -15.479968799 0.0 181.008884699 -36.4581666346 0.0
0.9400000000000006 -10.3361741723 -15.7309739551 0.0 195.434773369 -13.7428645885 0.0
0.9500000000000006 -8.31487200877 -15.7419749355 0.0 208.825659347 11.5426684935 0.0
0.9600000000000006 -6.16636937908 -15.4845030586 0.0 220.874866591 39.9517068904 0.0
0.9700000000000006 -3.9067780181 -14.9237661498 0.0 231.043405603 72.1956748763 0.0
0.9800000000000006 -1.55956579834 -14.0170782999 0.0 238.399038349 109.141895094 0.0
0.9900000000000007 0.83914852591 -12.7128697711 0.0 241.343826502 151.699810672 0.0
1.0000000000000007 3.23196211311 -10.9525978168 0.0 237.218890938 200.354580179 0.0
1.0100000000000007 5.52824035757 -8.68181820284 0.0 222.036757953 253.801342623 0.0
1.0200000000000007 7.59607934104 -5.88188353614 0.0 191.531038741 306.185590715 0.0
1.0300000000000007 9.2819539702 -2.62312929348 0.0 145.643887091 345.565257818 0.0
1.0400000000000007 10.4759368464 0.912378092651 0.0 93.1526881541 361.536219409 0.0
1.0500000000000007 11.1694176498 4.49942256661 0.0 45.5434725134 355.872675383 0.0
1.0600000000000007 11.4364157889 7.96686103468 0.0 7.85615530497 337.615018232 0.0
1.0700000000000007 11.3735648657 11.2253028067 0.0 -20.4263399388 314.073336174 0.0
1.0800000000000007 11.0642625307 14.2411665296 0.0 -41.4341270663 289.099408402 0.0
1.0900000000000007 10.5714610468 17.0085719686 0.0 -57.1261697047 264.381679404 0.0
1.1000000000000008 9.94110251639 19.5333227807 0.0 -68.9455363797 240.568483015 0.0
1.1100000000000008 9.20690256833 21.825421996 0.0 -77.8944532309 217.851360035 0.0
1.1200000000000008 8.39411290988 23.8958318407 0.0 -84.6634784586 196.230608907 0.0
1.1300000000000008 7.52212943783 25.7551448087 0.0 -89.7332159523 175.631984699 0.0
1.1400000000000008 6.60624646313 27.4130923745 0.0 -93.4433789871 155.957528463 0.0
1.1500000000000008 5.65883995707 28.8784172883 0.0 -96.0379222251 137.107454286 0.0
1.1600000000000008 4.69017783289 30.1589008799 0.0 -97.694502612 118.989264031 0.0
1.1700000000000008 3.70898521674 31.2614534072 0.0 -98.5440206175 101.521241428 0.0
1.1800000000000008 2.72284531892 32.1922272506 0.0 -98.6839589466 84.6335272634 0.0
1.1900000000000008 1.73848598911 32.9567358143 0.0 -98.1879070151 68.2681854712 0.0
1.2000000000000008 0.761982249651 33.5599706616 0.0 -97.1128408769 52.3787840005 0.0
1.2100000000000009 -0.201107926311 34.0065119956 0.0 -95.5051943155 36.9294827849 0.0
1.2200000000000009 -1.14566536139 34.3006254994 0.0 -93.4062926996 21.8932179827 0.0
1.2300000000000009 -2.06698243682 34.4463331261 0.0 -90.8571223871 7.24830735265 0.0
1.2400000000000009 -2.96077602044 34.4474394202 0.0 -87.901594336 -7.02704852639 0.0
1.2500000000000009 -3.82321789152 34.3074945624 0.0 -84.5867798815 -20.961923031 0.0
1.260000000000001 -4.65094664855 34.0296881118 0.0 -80.9589715231 -34.5993670989 0.0
1.270000000000001 -5.44102367156 33.6166932065 0.0 -77.0564330801 -47.9996139574 0.0
1.280000000000001 -6.19081576653 33.0705039959 0.0 -72.9019859145 -61.2382281569 0.0
1.290000000000001 -6.89781870567 32.3923089373 0.0 -68.4986019128 -74.4007835753 0.0
1.300000000000001 -7.55945536199 31.5824178546 0.0 -63.828729352 -87.5774329495 0.0
1.310000000000001 -8.17287756372 30.640231382 0.0 -58.8557109932 -100.859861585 0.0
1.320000000000001 -8.7347815704 29.5642258529 0.0 -53.5250903424 -114.341244229 0.0
1.330000000000001 -9.24122829932 28.3519260517 0.0 -47.7642554414 -128.118716015 0.0
1.340000000000001 -9.68744723751 26.9998435001 0.0 -41.4795321971 -142.297794303 0.0
1.350000000000001 -10.0675946316 25.5033612448 0.0 -34.5499466145 -156.998656764 0.0
1.360000000000001 -10.3744260925 23.8565437769 0.0 -26.8163455662 -172.364836807 0.0
1.370000000000001 -10.5988242241 22.0518409603 0.0 -18.0632807673 -188.575726517 0.0
1.380000000000001 -10.729082997 20.0796346214 0.0 -7.98847381464 -205.865541252 0.0
1.390000000000001 -10.7497717379 17.9275385623 0.0 3.85072564411 -224.55367057 0.0
1.400000000000001 -10.6398349476 15.5792913705 0.0 18.136632414 -245.095767785 0.0
1.410000000000001 -10.3692087332 13.0129434325 0.0 35.9886104764 -268.173819827 0.0
1.420000000000001 -9.89231996735 10.1977711987 0.0 59.3891426859 -294.860626929 0.0
1.430000000000001 -9.13441611108 7.08887515864 0.0 92.1916285674 -326.918581085 0.0
1.440000000000001 -7.9600198507 3.61805921712 0.0 142.687623508 -367.244607217 0.0
1.450000000000001 -6.10024829221 -0.314773232467 0.0 229.26668819 -419.3218827 0.0
1.460000000000001 -3.15664415609 -4.72040608105 0.0 359.454139036 -461.804687016 0.0
1.470000000000001 0.640933156288 -9.12048885302 0.0 400.061323439 -418.211867379 0.0
1.480000000000001 4.60559015549 -13.0828771211 0.0 392.870076402 -374.265786238 0.0
1.490000000000001 8.46440591046 -16.6697618124 0.0 378.893074592 -343.111152031 0.0
1.500000000000001 12.1846237389 -19.9854922735 0.0 365.1504911 -320.034940183 0.0
1.5100000000000011 15.7737988072 -23.0953555263 0.0 352.684522565 -301.937710364 0.0
1.5200000000000011 19.2447276458 -26.04065988 0.0 341.501245142 -287.123160385 0.0
1.5300000000000011 22.6093938783 -28.8493446453 0.0 331.432001363 -274.613792666 0.0
1.5400000000000011 25.8780690637 -31.5414441025 0.0 322.303035705 -263.806098783 0.0
1.5500000000000012 29.0594194924 -34.1319959342 0.0 313.967050039 -254.304267547 0.0
1.5600000000000012 32.1607778805 -36.6326948866 0.0 306.304627591 -245.835522932 0.0
1.5700000000000012 35.1883992239 -39.0528932918 0.0 299.219641086 -238.204158123 0.0
1.5800000000000012 38.1476690243 -41.4002393921 0.0 292.634318991 -231.265061938 0.0
1.5900000000000012 41.0432664355 -43.6811030543 0.0 286.485163245 -224.907670489 0.0
1.6000000000000012 43.8792912369 -45.90087042 0.0 280.719797032 -219.045802648 0.0
1.6100000000000012 46.6593631079 -48.0641543132 0.0 275.294577176 -213.610975993 0.0
1.6200000000000012 49.3866999335 -50.1749485301 0.0 270.172787953 -208.547867391 0.0
1.6300000000000012 52.0641802052 -52.2367435813 0.0 265.323266381 -203.811142851 0.0
1.6400000000000012 54.6943932686 -54.2526152414 0.0 260.719346291 -199.36318918 0.0
1.6500000000000012 57.2796801947 -56.2252934671 0.0 256.338038945 -195.172455948 0.0
1.6600000000000013 59.8221673422 -58.1572168496 0.0 252.159390543 -191.212220551 0.0
1.6700000000000013 62.3237941615 -60.050576217 0.0 248.165973313 -187.459652931 0.0
1.6800000000000013 64.7863364206 -61.9073499646 0.0 244.342478506 -183.895096584 0.0
1.6900000000000013 67.2114257526 -63.7293329895 0.0 240.675387901 -180.501508408 0.0
1.7000000000000013 69.6005662243 -65.5181606165 0.0 237.152706433 -177.264016982 0.0
1.7100000000000013 71.9551484704 -67.2753285534 0.0 233.763742805 -174.169570407 0.0
1.7200000000000013 74.2764618253 -69.0022096691 0.0 230.498928158 -171.206652736 0.0
1.7300000000000013 76.5657047918 -70.7000682005 0.0 227.349665142 -168.36505354 0.0
1.7400000000000013 78.8239941249 -72.3700718637 0.0 224.30820148 -165.63567909 0.0
1.7500000000000013 81.0523727494 -74.0133022413 0.0 221.367523419 -163.010396426 0.0
1.7600000000000013 83.2518166935 -75.6307637418 0.0 218.521265418 -160.481903684 0.0
1.7700000000000014 85.4232411867 -77.2233913679 0.0 215.763633205 -158.043621538 0.0
1.7800000000000014 87.5675060422 -78.7920574844 0.0 213.089337896 -155.689601756 0.0
1.7900000000000014 89.6854204282 -80.3375777419 0.0 210.493539315 -153.414449743 0.0
1.8000000000000014 91.7777471099 -81.8607162834 0.0 207.971797022 -151.213258567 0.0
1.8100000000000014 93.8452062342 -83.3621903388 0.0 205.520027832 -149.081552502 0.0
1.8200000000000014 95.8884787173 -84.8426742937 0.0 203.134468801 -147.015238471 0.0
1.8300000000000014 97.9082092857 -86.3028033066 0.0 200.811644878 -145.010564112 0.0
1.8400000000000014 99.9050092127 -87.7431765341 0.0 198.548340523 -143.064081404 0.0
1.8500000000000014 101.879458789 -89.1643600162 0.0 196.341574721 -141.172615008 0.0
1.8600000000000014 103.832109557 -90.5668892642 0.0 194.18857893 -139.333234585 0.0
1.8700000000000014 105.76348634 -91.9512715898 0.0 192.086777538 -137.543230533 0.0
1.8800000000000014 107.67408908 -93.3179882056 0.0 190.033770516 -135.800092633 0.0
1.8900000000000015 109.564394522 -94.6674961247 0.0 188.027317967 -134.101491198 0.0
1.9000000000000015 111.434857744 -96.0002298827 0.0 186.065326327 -132.445260394 0.0
1.9100000000000015 113.285913555 -97.3166031018 0.0 184.145836017 -130.829383422 0.0
1.9200000000000015 115.117977787 -98.6170099156 0.0 182.26701036 -129.251979332 0.0
1.9300000000000015 116.931448467 -99.9018262685 0.0 180.427125622 -127.711291253 0.0
1.9400000000000015 118.726706905 -101.171411104 0.0 178.624562024 -126.205675865 0.0
1.9500000000000015 120.504118694 -102.426107453 0.0 176.857795644 -124.73359395 0.0
1.9600000000000015 122.264034627 -103.666243432 0.0 175.125391066 -123.293601903 0.0
1.9700000000000015 124.006791556 -104.892133162 0.0 173.425994735 -121.884344086 0.0
1.9800000000000015 125.732713175 -106.104077612 0.0 171.758328914 -120.504545922 0.0
1.9900000000000015 127.44211075 -107.30236538 0.0 170.121186177 -119.153007651 0.0
2.0000000000000013 129.135283803 -108.487273412 0.0 168.513424404 -117.828598669 0.0
2.010000000000001 130.812520736 -109.659067667 0.0 166.933962203 -116.53025239 0.0
2.020000000000001 132.474099421 -110.818003737 0.0 165.381774722 -115.256961572 0.0
2.0300000000000007 134.120287743 -111.964327415 0.0 163.85588982 -114.007774059 0.0
2.0400000000000005 135.751344115 -113.09827523 0.0 162.355384548 -112.781788894 0.0
2.0500000000000003 137.367517948 -114.220074938 0.0 160.879381921 -111.578152766 0.0
2.06 138.969050097 -115.329945986 0.0 159.427047949 -110.396056757 0.0
2.07 140.556173281 -116.428099936 0.0 157.997588897 -109.234733364 0.0
2.0799999999999996 142.129112469 -117.514740872 0.0 156.590248768 -108.093453755 0.0
2.0899999999999994 143.688085248 -118.590065767 0.0 155.204306967 -106.971525259 0.0
2.099999999999999 145.233302164 -119.654264839 0.0 153.839076151 -105.868289041 0.0
2.109999999999999 146.764967046 -120.707521874 0.0 152.493900232 -104.78311797 0.0
2.1199999999999988 148.283277309 -121.750014537 0.0 151.168152531 -103.715414649 0.0
2.1299999999999986 149.788424242 -122.781914658 0.0 149.861234065 -102.664609585 0.0
2.1399999999999983 151.280593272 -123.803388503 0.0 148.572571951 -101.630159511 0.0
2.149999999999998 152.759964222 -124.81459703 0.0 147.30161793 -100.611545819 0.0
2.159999999999998 154.226711546 -125.815696125 0.0 146.047846988 -99.6082731136 0.0
2.1699999999999977 155.681004562 -126.80683683 0.0 144.81075607 -98.6198678664 0.0
2.1799999999999975 157.123007657 -127.788165555 0.0 143.58986289 -97.645877167 0.0
2.1899999999999973 158.552880495 -128.759824278 0.0 142.384704806 -96.6858675605 0.0
2.199999999999997 159.970778208 -129.721950736 0.0 141.194837785 -95.7394239648 0.0
2.209999999999997 161.376851574 -130.674678599 0.0 140.01983542 -94.806148662 0.0
2.2199999999999966 162.771247191 -131.618137644 0.0 138.859288021 -93.8856603565 0.0
2.2299999999999964 164.15410764 -132.552453912 0.0 137.712801762 -92.9775932969 0.0
2.239999999999996 165.525571638 -133.477749861 0.0 136.579997873 -92.0815964536 0.0
2.249999999999996 166.885774187 -134.394144507 0.0 135.460511894 -91.1973327508 0.0
2.259999999999996 168.234846711 -135.301753563 0.0 134.353992967 -90.3244783469 0.0
2.2699999999999956 169.572917192 -136.200689564 0.0 133.260103172 -89.4627219602 0.0
2.2799999999999954 170.900110293 -137.091061995 0.0 132.178516904 -88.6117642366 0.0
2.289999999999995 172.216547478 -137.972977402 0.0 131.108920284 -87.7713171565 0.0
2.299999999999995 173.522347133 -138.846539505 0.0 130.05101061 -86.9411034775 0.0
2.3099999999999947 174.817624665 -139.711849304 0.0 129.004495834 -86.1208562103 0.0
2.3199999999999945 176.102492615 -140.569005176 0.0 127.969094071 -85.3103181263 0.0
2.3299999999999943 177.377060751 -141.418102973 0.0 126.944533135 -84.5092412937 0.0
2.339999999999994 178.641436167 -142.259236112 0.0 125.930550104 -83.7173866409 0.0
2.349999999999994 179.895723372 -143.092495663 0.0 124.926890903 -82.9345235445 0.0
2.3599999999999937 181.140024376 -143.917970428 0.0 123.933309918 -82.1604294411 0.0
2.3699999999999934 182.374438774 -144.735747023 0.0 122.949569619 -81.3948894608 0.0
2.3799999999999932 183.599063823 -145.54590995 0.0 121.97544022 -80.6376960813 0.0
2.389999999999993 184.813994521 -146.348541675 0.0 121.010699338 -79.8886488002 0.0
2.399999999999993 186.019323676 -147.143722688 0.0 120.055131687 -79.1475538263 0.0
2.4099999999999926 187.215141978 -147.931531576 0.0 119.108528775 -78.414223787 0.0
2.4199999999999924 188.401538065 -148.712045082 0.0 118.170688622 -77.6884774508 0.0
2.429999999999992 189.578598586 -149.485338167 0.0 117.241415497 -76.9701394654 0.0
2.439999999999992 190.746408262 -150.251484065 0.0 116.320519657 -76.2590401089 0.0
2.4499999999999917 191.905049945 -151.01055434 0.0 115.407817109 -75.5550150538 0.0
2.4599999999999915 193.054604678 -151.762618941 0.0 114.503129379 -74.8579051437 0.0
2.4699999999999913 194.195151741 -152.507746248 0.0 113.606283295 -74.1675561806 0.0
2.479999999999991 195.326768711 -153.246003123 0.0 112.717110775 -73.4838187233 0.0
2.489999999999991 196.449531509 -153.977454956 0.0 111.835448633 -72.8065478958 0.0
2.4999999999999907 197.563514444 -154.702165711 0.0 110.96113839 -72.1356032053 0.0
2.5099999999999905 198.668790266 -155.420197969 0.0 110.094026092 -71.4708483684 0.0
2.5199999999999902 199.765430207 -156.131612967 0.0 109.233962139 -70.8121511469 0.0
2.52999999999999 200.853504024 -156.836470638 0.0 108.380801125 -70.15938319 0.0
2.53999999999999 201.933080038 -157.534829654 0.0 107.534401676 -69.5124198854 0.0
2.5499999999999896 203.004225177 -158.226747454 0.0 106.694626309 -68.8711402168 0.0
2.5599999999999894 204.067005015 -158.912280288 0.0 105.861341282 -68.2354266276 0.0
2.569999999999989 205.121483804 -159.591483246 0.0 105.034416464 -67.6051648918 0.0
2.579999999999989 206.167724512 -160.26441029 0.0 104.213725203 -66.9802439901 0.0
2.5899999999999888 207.20578886 -160.93111429 0.0 103.399144201 -66.360555992 0.0
2.5999999999999885 208.235737347 -161.59164705 0.0 102.590553397 -65.7459959435 0.0
2.6099999999999883 209.257629294 -162.246059339 0.0 101.787835854 -65.1364617588 0.0
2.619999999999988 210.271522861 -162.894400918 0.0 100.990877648 -64.531854118 0.0
2.629999999999988 211.277475088 -163.53672057 0.0 100.199567765 -63.9320763684 0.0
2.6399999999999877 212.275541917 -164.173066124 0.0 99.4137980036 -63.3370344307 0.0
2.6499999999999875 213.265778222 -164.80348448 0.0 98.633462875 -62.746636709 0.0
2.6599999999999873 214.248237834 -165.428021634 0.0 97.8584595152 -62.1607940044 0.0
2.669999999999987 215.222973569 -166.046722701 0.0 97.0886875956 -61.579419433 0.0
2.679999999999987 216.190037253 -166.65963194 0.0 96.324049239 -61.0024283465 0.0
2.6899999999999866 217.149479744 -167.266792773 0.0 95.5644489389 -60.4297382568 0.0
2.6999999999999864 218.101350956 -167.868247808 0.0 94.8097934819 -59.8612687633 0.0
2.709999999999986 219.045699883 -168.464038859 0.0 94.0599918732 -59.2969414834 0.0
2.719999999999986 219.982574619 -169.054206966 0.0 93.314955265 -58.736679986 0.0
2.7299999999999858 220.912022379 -169.638792415 0.0 92.5745968878 -58.1804097272 0.0
2.7399999999999856 221.834089524 -170.217834754 0.0 91.8388319843 -57.6280579894 0.0
2.7499999999999853 222.748821572 -170.791372813 0.0 91.1075777459 -57.0795538216 0.0
2.759999999999985 223.656263227 -171.359444722 0.0 90.3807532516 -56.5348279834 0.0
2.769999999999985 224.556458391 -171.922087926 0.0 89.6582794093 -55.9938128906 0.0
2.7799999999999847 225.449450182 -172.479339203 0.0 88.9400788989 -55.4564425627 0.0
2.7899999999999845 226.335280957 -173.031234679 0.0 88.2260761183 -54.9226525726 0.0
2.7999999999999843 227.213992324 -173.577809842 0.0 87.5161971308 -54.3923799987 0.0
2.809999999999984 228.085625157 -174.119099559 0.0 86.8103696144 -53.8655633784 0.0
2.819999999999984 228.95021962 -174.655138089 0.0 86.1085228136 -53.3421426631 0.0
2.8299999999999836 229.807815171 -175.185959098 0.0 85.4105874921 -52.8220591755 0.0
2.8399999999999834 230.658450588 -175.711595672 0.0 84.7164958876 -52.3052555684 0.0
2.849999999999983 231.502163976 -176.232080329 0.0 84.0261816687 -51.7916757845 0.0
2.859999999999983 232.338992784 -176.747445033 0.0 83.3395798922 -51.2812650183 0.0
2.869999999999983 233.168973818 -177.257721206 0.0 82.6566269633 -50.7739696792 0.0
2.8799999999999826 233.992143256 -177.762939741 0.0 81.9772605956 -50.2697373557 0.0
2.8899999999999824 234.808536657 -178.263131012 0.0 81.3014197741 -49.7685167815 0.0
2.899999999999982 235.61818898 -178.758324885 0.0 80.6290447183 -49.2702578021 0.0
2.909999999999982 236.421134588 -179.248550731 0.0 79.9600768471 -48.7749113431 0.0
2.9199999999999817 237.217407266 -179.733837434 0.0 79.2944587448 -48.2824293795 0.0
2.9299999999999815 238.00704023 -180.214213406 0.0 78.6321341281 -47.792764906 0.0
2.9399999999999813 238.79006614 -180.68970659 0.0 77.9730478144 -47.3058719087 0.0
2.949999999999981 239.566517107 -181.160344476 0.0 77.3171456912 -46.8217053371 0.0
2.959999999999981 240.336424709 -181.626154108 0.0 76.664374686 -46.3402210777 0.0
2.9699999999999807 241.099819996 -182.087162093 0.0 76.0146827381 -45.8613759284 0.0
2.9799999999999804 241.856733504 -182.543394611 0.0 75.3680187704 -45.3851275736 0.0
2.9899999999999802 242.607195261 -182.994877421 0.0 74.7243326625 -44.9114345604 0.0
2.99999999999998 243.3512348 -183.441635875 0.0 74.083575225 -44.4402562753 0.0
3.00999999999998 244.088881167 -183.883694921 0.0 73.4456981737 -43.9715529219 0.0
3.0199999999999796 244.820162929 -184.321079113 0.0 72.8106541057 -43.5052854995 0.0
3.0299999999999794 245.545108182 -184.75381262 0.0 72.1783964758 -43.041415782 0.0
3.039999999999979 246.263744562 -185.18191923 0.0 71.5488795728 -42.5799062981 0.0
3.049999999999979 246.976099252 -185.605422363 0.0 70.9220584984 -42.1207203116 0.0
3.0599999999999787 247.682198991 -186.024345074 0.0 70.2978891445 -41.6638218025 0.0
3.0699999999999785 248.382070077 -186.43871006 0.0 69.6763281735 -41.2091754493 0.0
3.0799999999999783 249.075738383 -186.84853967 0.0 69.0573329969 -40.7567466108 0.0
3.089999999999978 249.763229357 -187.25385591 0.0 68.4408617566 -40.3065013096 0.0
3.099999999999978 250.444568032 -187.654680448 0.0 67.8268733052 -39.8584062155 0.0
3.1099999999999777 251.119779035 -188.051034622 0.0 67.2153271878 -39.4124286297 0.0
3.1199999999999775 251.788886589 -188.442939447 0.0 66.606183624 -38.9685364692 0.0
3.1299999999999772 252.451914524 -188.830415621 0.0 65.9994034904 -38.5266982523 0.0
3.139999999999977 253.108886283 -189.213483528 0.0 65.3949483037 -38.0868830842 0.0
3.149999999999977 253.759824926 -189.592163246 0.0 64.7927802041 -37.6490606428 0.0
3.1599999999999766 254.404753136 -189.966474555 0.0 64.1928619395 -37.2132011658 0.0
3.1699999999999764 255.04369323 -190.336436938 0.0 63.59515685 -36.7792754372 0.0
3.179999999999976 255.676667159 -190.702069589 0.0 62.9996288524 -36.3472547754 0.0
3.189999999999976 256.303696515 -191.063391418 0.0 62.4062424259 -35.9171110203 0.0
3.1999999999999758 256.92480254 -191.420421056 0.0 61.8149625975 -35.4888165224 0.0
3.2099999999999755 257.540006128 -191.773176859 0.0 61.2257549285 -35.062344131 0.0
3.2199999999999753 258.14932783 -192.121676916 0.0 60.6385855003 -34.6376671834 0.0
3.229999999999975 258.752787862 -192.465939049 0.0 60.0534209017 -34.2147594943 0.0
3.239999999999975 259.350406108 -192.805980824 0.0 59.4702282161 -33.7935953459 0.0
3.2499999999999747 259.942202124 -193.141819548 0.0 58.8889750086 -33.3741494776 0.0
3.2599999999999745 260.528195145 -193.47347228 0.0 58.309629314 -32.9563970769 0.0
3.2699999999999743 261.10840409 -193.800955835 0.0 57.7321596251 -32.5403137703 0.0
3.279999999999974 261.682847563 -194.124286782 0.0 57.1565348807 -32.1258756141 0.0
3.289999999999974 262.251543859 -194.443481455 0.0 56.5827244547 -31.7130590863 0.0
3.2999999999999736 262.814510972 -194.758555956 0.0 56.0106981447 -31.3018410784 0.0
3.3099999999999734 263.371766594 -195.069526156 0.0 55.4404261615 -30.8921988871 0.0
3.319999999999973 263.92332812 -195.376407701 0.0 54.8718791186 -30.4841102076 0.0
3.329999999999973 264.469212656 -195.679216018 0.0 54.3050280215 -30.0775531255 0.0
3.3399999999999728 265.009437017 -195.977966314 0.0 53.7398442583 -29.6725061105 0.0
3.3499999999999726 265.544017737 -196.272673585 0.0 53.1762995893 -29.2689480092 0.0
3.3599999999999723 266.072971065 -196.563352615 0.0 52.614366138 -28.8668580394 0.0
3.369999999999972 266.596312978 -196.850017984 0.0 52.054016381 -28.4662157836 0.0
3.379999999999972 267.114059175 -197.132684069 0.0 51.4952231394 -28.0670011831 0.0
3.3899999999999717 267.626225089 -197.411365047 0.0 50.9379595696 -27.669194533 0.0
3.3999999999999715 268.132825883 -197.686074902 0.0 50.3821991544 -27.2727764767 0.0
3.4099999999999713 268.633876457 -197.956827425 0.0 49.8279156946 -26.877728001 0.0
3.419999999999971 269.129391452 -198.223636217 0.0 49.2750833002 -26.4840304315 0.0
3.429999999999971 269.61938525 -198.486514696 0.0 48.7236763824 -26.0916654285 0.0
3.4399999999999706 270.10387198 -198.745476098 0.0 48.1736696454 -25.7006149825 0.0
3.4499999999999704 270.582865519 -199.00053348 0.0 47.625038078 -25.310861411 0.0
3.45999999999997 271.056379494 -199.251699724 0.0 47.0777569464 -24.9223873545 0.0
3.46999999999997 271.524427288 -199.49898754 0.0 46.5318017859 -24.5351757739 0.0
3.47999999999997 271.987022039 -199.742409468 0.0 45.9871483936 -24.1492099472 0.0
3.4899999999999696 272.444176645 -199.981977886 0.0 45.4437728208 -23.7644734676 0.0
3.4999999999999694 272.895903766 -200.217705004 0.0 44.9016513655 -23.3809502406 0.0
3.509999999999969 273.342215825 -200.449602878 0.0 44.3607605654 -22.9986244825 0.0
3.519999999999969 273.783125014 -200.677683404 0.0 43.8210771906 -22.6174807192 0.0
3.5299999999999687 274.218643291 -200.901958326 0.0 43.2825782363 -22.2375037845 0.0
3.5399999999999685 274.648782387 -201.122439239 0.0 42.7452409162 -21.8586788196 0.0
3.5499999999999683 275.073553805 -201.33913759 0.0 42.2090426552 -21.4809912727 0.0
3.559999999999968 275.492968824 -201.552064681 0.0 41.6739610829 -21.1044268992 0.0
3.569999999999968 275.907038499 -201.761231674 0.0 41.1399740264 -20.7289717618 0.0
3.5799999999999677 276.315773667 -201.966649594 0.0 40.6070595042 -20.3546122313 0.0
3.5899999999999674 276.719184943 -202.16832933 0.0 40.0751957187 -19.9813349886 0.0
3.5999999999999672 277.117282727 -202.36628164 0.0 39.5443610504 -19.6091270257 0.0
3.609999999999967 277.510077202 -202.560517153 0.0 39.014534051 -19.2379756488 0.0
3.619999999999967 277.89757834 -202.751046374 0.0 38.4856934365 -18.8678684806 0.0
3.6299999999999666 278.279795897 -202.937879684 0.0 37.9578180813 -18.498793464 0.0
3.6399999999999664 278.656739423 -203.121027345 0.0 37.4308870113 -18.1307388664 0.0
3.649999999999966 279.028418255 -203.300499506 0.0 36.9048793978 -17.7636932843 0.0
3.659999999999966 279.394841525 -203.476306201 0.0 36.3797745507 -17.3976456485 0.0
3.6699999999999657 279.756018157 -203.648457355 0.0 35.855551912 -17.0325852312 0.0
3.6799999999999655 280.111956872 -203.81696279 0.0 35.33219105 -16.6685016519 0.0
3.6899999999999653 280.462666185 -203.981832222 0.0 34.809671652 -16.3053848864 0.0
3.699999999999965 280.808154411 -204.143075273 0.0 34.2879735185 -15.9432252752 0.0
3.709999999999965 281.148429661 -204.300701467 0.0 33.7670765565 -15.5820135334 0.0
3.7199999999999647 281.483499848 -204.454720239 0.0 33.246960773 -15.2217407622 0.0
3.7299999999999645 281.813372683 -204.605140935 0.0 32.7276062688 -14.8623984608 0.0
3.7399999999999642 282.138055681 -204.75197282 0.0 32.2089932315 -14.5039785402 0.0
3.749999999999964 282.457556157 -204.895225079 0.0 31.6911019297 -14.1464733382 0.0
3.759999999999964 282.77188123 -205.034906824 0.0 31.1739127058 -13.7898756363 0.0
3.7699999999999636 283.081037823 -205.171027096 0.0 30.65740597 -13.4341786778 0.0
3.7799999999999634 283.385032664 -205.30359487 0.0 30.1415621936 -13.0793761887 0.0
3.789999999999963 283.683872284 -205.432619063 0.0 29.6263619025 -12.7254623992 0.0
3.799999999999963 283.977563022 -205.558108535 0.0 29.1117856708 -12.3724320695 0.0
3.8099999999999627 284.266111021 -205.680072098 0.0 28.5978141146 -12.0202805164 0.0
3.8199999999999625 284.549522231 -205.798518519 0.0 28.0844278852 -11.6690036434 0.0
3.8299999999999623 284.827802409 -205.913456527 0.0 27.5716076634 -11.3185979747 0.0
3.839999999999962 285.100957118 -206.02489482 0.0 27.0593341533 -10.9690606908 0.0
3.849999999999962 285.368991729 -206.132842072 0.0 26.5475880764 -10.6203896703 0.0
3.8599999999999617 285.63191142 -206.237306938 0.0 26.0363501662 -10.2725835336 0.0
3.8699999999999615 285.889721177 -206.338298064 0.0 25.5256011629 -9.92564169355 0.0
3.8799999999999613 286.142425792 -206.435824095 0.0 25.015321809 -9.57956440985 0.0
3.889999999999961 286.390029865 -206.529893681 0.0 24.5054928451 -9.23435285039 0.0
3.899999999999961 286.632537804 -206.620515491 0.0 23.9960950067 -8.89000915896 0.0
3.9099999999999606 286.869953825 -206.70769822 0.0 23.4871090221 -8.54653653066 0.0
3.9199999999999604 287.102281948 -206.791450599 0.0 22.978515611 -8.20393929576 0.0
3.92999999999996 287.329526003 -206.87178141 0.0 22.4702954861 -7.86222301336 0.0
3.93999999999996 287.551689627 -206.948699498 0.0 21.9624293547 -7.52139457583 0.0
3.9499999999999598 287.768776264 -207.022213783 0.0 21.4548979248 -7.18146232572 0.0
3.9599999999999596 287.980789163 -207.092333275 0.0 20.9476819128 -6.84243618672 0.0
3.9699999999999593 288.187731383 -207.159067095 0.0 20.4407620561 -6.50432781058 0.0
3.979999999999959 288.389605789 -207.222424488 0.0 19.9341191303 -6.16715074238 0.0
3.989999999999959 288.586415054 -207.282414845 0.0 19.4277339725 -5.83092060658 0.0
3.9999999999999587 288.778161662 -207.339047724 0.0 18.9215875121 -5.49565531698 0.0
4.009999999999959 288.964847903 -207.392332878 0.0 18.4156608118 -5.16137531409 0.0
4.019999999999959 289.146475883 -207.442280273 0.0 17.9099351198 -4.82810383385 0.0
4.0299999999999585 289.323047518 -207.488900129 0.0 17.4043919379 -4.49586721265 0.0
4.039999999999958 289.494564544 -207.532202941 0.0 16.8990131084 -4.16469523383 0.0
4.049999999999958 289.661028514 -207.572199525 0.0 16.3937809243 -3.8346215223 0.0
4.059999999999958 289.82244081 -207.608901052 0.0 15.8886782708 -3.50568399436 0.0
4.069999999999958 289.978802645 -207.642319099 0.0 15.3836888042 -3.17792537128 0.0
4.079999999999957 290.130115075 -207.672465695 0.0 14.8787971798 -2.85139376631 0.0
4.089999999999957 290.276379008 -207.69935338 0.0 14.3739893416 -2.52614335596 0.0
4.099999999999957 290.417595219 -207.722995273 0.0 13.8692528907 -2.20223514786 0.0
4.109999999999957 290.553764371 -207.743405138 0.0 13.364577554 -1.87973785862 0.0
4.119999999999957 290.684887038 -207.760597472 0.0 12.8599557828 -1.55872891586 0.0
4.129999999999956 290.810963734 -207.774587594 0.0 12.3553835162 -1.23929559882 0.0
4.139999999999956 290.931994957 -207.785391754 0.0 11.8508611578 -0.921536330703 0.0
4.149999999999956 291.047981237 -207.793027246 0.0 11.3463948257 -0.605562132276 0.0
4.159999999999956 291.158923201 -207.797512548 0.0 10.8419979539 -0.291498238872 0.0
4.1699999999999555 291.264821658 -207.798867469 0.0 10.3376933448 0.020514130709 0.0
4.179999999999955 291.365677704 -207.797113319 0.0 9.83351579641 0.330315888743 0.0
4.189999999999955 291.46149286 -207.792273098 0.0 9.32951545676 0.637728150976 0.0
4.199999999999955 291.552269247 -207.784371706 0.0 8.82576208742 0.942550403681 0.0
4.209999999999955 291.63800981 -207.773436159 0.0 8.32235043784 1.2445589985 0.0
4.2199999999999545 291.718718597 -207.759495832 0.0 7.81940693352 1.54350635151 0.0
4.229999999999954 291.794401121 -207.742582693 0.0 7.31709783321 1.83912142691 0.0
4.239999999999954 291.865064804 -207.722731524 0.0 6.81563887136 2.13111235756 0.0
4.249999999999954 291.930719529 -207.6999801 0.0 6.31530610256 2.41917238109 0.0
4.259999999999954 291.991378295 -207.674369285 0.0 5.81644711659 2.70299058764 0.0
4.269999999999953 292.047057985 -207.645942987 0.0 5.31949090968 2.98226912927 0.0
4.279999999999953 292.097780207 -207.6147479 0.0 4.82495347502 3.25674823672 0.0
4.289999999999953 292.143572149 -207.580832963 0.0 4.3334348357 3.5262391989 0.0
4.299999999999953 292.184467335 -207.544248452 0.0 3.84560243029 3.79066298442 0.0
4.3099999999999525 292.22050613 -207.505044695 0.0 3.3621566078 4.05008848358 0.0
4.319999999999952 292.251735802 -207.463270449 0.0 2.88377768561 4.30476057793 0.0
4.329999999999952 292.278209994 -207.418971112 0.0 2.41106064795 4.55510685972 0.0
4.339999999999952 292.299987551 -207.372187001 0.0 1.94445075803 4.8017154315 0.0
4.349999999999952 292.317130788 -207.322951999 0.0 1.48419665871 5.0452849951 0.0
4.3599999999999515 292.329703439 -207.271292781 0.0 1.03033351213 5.28655848092 0.0
4.369999999999951 292.337768599 -207.217228704 0.0 0.582698627836 5.52625689136 0.0
4.379999999999951 292.34138695 -207.160772281 0.0 0.140971544744 5.7650278357 0.0
4.389999999999951 292.340615434 -207.101930063 0.0 -0.295274843892 6.00341569762 0.0
4.399999999999951 292.335506437 -207.040703722 0.0 -0.726524554375 6.24185249419 0.0
4.40999999999995 292.326107424 -206.977091141 0.0 -1.15327788794 6.48066378975 0.0
4.41999999999995 292.312460922 -206.911087407 0.0 -1.57602259159 6.72008300728 0.0
4.42999999999995 292.294604729 -206.842685648 0.0 -1.99521602268 6.96026873947 0.0
4.43999999999995 292.272572269 -206.771877696 0.0 -2.41127595374 7.20132162153 0.0
4.4499999999999496 292.246393002 -206.698654593 0.0 -2.82457738998 7.44329904064 0.0
4.459999999999949 292.21609285 -206.623006962 0.0 -3.23545316202 7.68622711328 0.0
4.469999999999949 292.181694601 -206.544925276 0.0 -3.64419663939 7.930110005 0.0
4.479999999999949 292.14321829 -206.464400042 0.0 -4.05106545228 8.17493695422 0.0
4.489999999999949 292.100681535 -206.38142192 0.0 -4.45628552951 8.42068744168 0.0
4.4999999999999485 292.054099832 -206.295981808 0.0 -4.86005505411 8.66733492364 0.0
4.509999999999948 292.003486816 -206.208070886 0.0 -5.26254812936 8.91484948379 0.0
4.519999999999948 291.948854485 -206.11768064 0.0 -5.6639180656 9.16319968644 0.0
4.529999999999948 291.890213394 -206.024802872 0.0 -6.06430026617 9.4123538483 0.0
4.539999999999948 291.827572819 -205.929429699 0.0 -6.46381472815 9.66228089141 0.0
4.549999999999947 291.760940904 -205.83155354 0.0 -6.86256819116 9.91295089725 0.0
4.559999999999947 291.690324783 -205.731167108 0.0 -7.2606559744 10.1643354495 0.0
4.569999999999947 291.615730686 -205.628263391 0.0 -7.65816354305 10.4164078288 0.0
4.579999999999947 291.537164029 -205.522835637 0.0 -8.05516784208 10.6691431047 0.0
4.589999999999947 291.454629497 -205.41487733 0.0 -8.45173843242 10.9225181578 0.0
4.599999999999946 291.368131113 -205.304382181 0.0 -8.84793845934 11.1765116551 0.0
4.609999999999946 291.277672293 -205.191344103 0.0 -9.24382547921 11.4311039945 0.0
4.619999999999946 291.183255905 -205.075757197 0.0 -9.63945216672 11.6862772313 0.0
4.629999999999946 291.08488431 -204.957615736 0.0 -10.0348669211 11.9420149932 0.0
4.6399999999999455 290.982559403 -204.836914149 0.0 -10.4301143872 12.1983023907 0.0
4.649999999999945 290.876282652 -204.713647007 0.0 -10.8252359044 12.455125926 0.0
4.659999999999945 290.766055123 -204.587809011 0.0 -11.2202698946 12.7124734034 0.0
4.669999999999945 290.651877512 -204.459394975 0.0 -11.6152521981 12.9703338426 0.0
4.679999999999945 290.533750169 -204.328399818 0.0 -12.0102163656 13.2286973959 0.0
4.689999999999944 290.411673118 -204.194818555 0.0 -12.405193913 13.4875552703 0.0
4.699999999999944 290.285646076 -204.05864628 0.0 -12.8002145431 13.7468996541 0.0
4.709999999999944 290.155668471 -203.919878164 0.0 -13.1953063406 14.0067236487 0.0
4.719999999999944 290.02173946 -203.77850944 0.0 -13.590495943 14.2670212056 0.0
4.729999999999944 289.883857937 -203.634535398 0.0 -13.9858086918 14.5277870668 0.0
4.739999999999943 289.742022549 -203.487951379 0.0 -14.3812687647 14.7890167117 0.0
4.749999999999943 289.596231709 -203.338752764 0.0 -14.7768992943 15.0507063063 0.0
4.759999999999943 289.4464836 -203.186934969 0.0 -15.172722472 15.3128526575 0.0
4.769999999999943 289.29277619 -203.03249344 0.0 -15.5687596417 15.5754531708 0.0
4.7799999999999425 289.135107235 -202.875423645 0.0 -15.9650313826 15.8385058112 0.0
4.789999999999942 288.97347429 -202.715721071 0.0 -16.3615575833 16.1020090675 0.0
4.799999999999942 288.807874714 -202.553381216 0.0 -16.7583575088 16.3659619194 0.0
4.809999999999942 288.638305677 -202.388399587 0.0 -17.1554498601 16.6303638071 0.0
4.819999999999942 288.464764164 -202.220771695 0.0 -17.5528528283 16.8952146037 0.0
4.8299999999999415 288.287246979 -202.050493049 0.0 -17.9505841429 17.1605145899 0.0
4.839999999999941 288.105750753 -201.877559154 0.0 -18.3486611164 17.4262644298 0.0
4.849999999999941 287.920271944 -201.701965506 0.0 -18.7471006836 17.6924651501 0.0
4.859999999999941 287.730806843 -201.52370759 0.0 -19.1459194384 17.9591181196 0.0
4.869999999999941 287.537351578 -201.342780874 0.0 -19.5451336665 18.2262250316 0.0
4.87999999999994 287.339902112 -201.15918081 0.0 -19.944759376 18.4937878866 0.0
4.88999999999994 287.138454254 -200.972902825 0.0 -20.3448123243 18.7618089769 0.0
4.89999999999994 286.933003652 -200.783942326 0.0 -20.7453080443 19.0302908727 0.0
4.90999999999994 286.723545803 -200.59229469 0.0 -21.1462618667 19.2992364088 0.0
4.9199999999999395 286.510076049 -200.397955264 0.0 -21.5476889423 19.5686486722 0.0
4.929999999999939 286.292589583 -200.200919366 0.0 -21.949604261 19.8385309919 0.0
4.939999999999939 286.071081448 -200.001182276 0.0 -22.3520226705 20.1088869276 0.0
4.949999999999939 285.84554654 -199.79873924 0.0 -22.7549588932 20.3797202614 0.0
4.959999999999939 285.615979608 -199.593585464 0.0 -23.1584275418 20.651034988 0.0
4.9699999999999385 285.382375254 -199.385716113 0.0 -23.5624431338 20.9228353079 0.0
4.979999999999938 285.144727938 -199.175126308 0.0 -23.9670201055 21.1951256192 0.0
4.989999999999938 284.903031974 -198.961811127 0.0 -24.3721728244 21.4679105112 0.0
4.999999999999938 284.657281532 -198.745765601 0.0 -24.7779156016 21.7411947586 0.0
5.009999999999938 284.40747064 -198.526984711 0.0 -25.1842627024 22.014983315 0.0
5.019999999999937 284.153593185 -198.305463388 0.0 -25.5912283575 22.2892813086 0.0
5.029999999999937 283.895642909 -198.081196511 0.0 -25.9988267725 22.5640940368 0.0
5.039999999999937 283.633613414 -197.854178906 0.0 -26.4070721378 22.839426962 0.0
5.049999999999937 283.367498161 -197.624405343 0.0 -26.815978637 23.1152857082 0.0
5.0599999999999365 283.097290465 -197.391870534 0.0 -27.2255604558 23.3916760565 0.0
5.069999999999936 282.822983504 -197.156569134 0.0 -27.6358317899 23.6686039425 0.0
5.079999999999936 282.544570311 -196.918495737 0.0 -28.0468068527 23.946075453 0.0
5.089999999999936 282.262043777 -196.677644875 0.0 -28.458499883 24.2240968235 0.0
5.099999999999936 281.975396652 -196.434011019 0.0 -28.8709251516 24.5026744359 0.0
5.1099999999999355 281.684621541 -196.187588573 0.0 -29.2840969683 24.7818148159 0.0
5.119999999999935 281.389710908 -195.938371876 0.0 -29.6980296888 25.0615246318 0.0
5.129999999999935 281.090657071 -195.686355199 0.0 -30.1127377205 25.3418106923 0.0
5.139999999999935 280.787452205 -195.431532746 0.0 -30.5282355288 25.6226799451 0.0
5.149999999999935 280.480088339 -195.173898649 0.0 -30.9445376434 25.9041394759 0.0
5.159999999999934 280.168557357 -194.913446969 0.0 -31.3616586637 26.1861965074 0.0
5.169999999999934 279.852850998 -194.650171694 0.0 -31.7796132644 26.4688583979 0.0
5.179999999999934 279.53296085 -194.384066739 0.0 -32.1984162012 26.7521326411 0.0
5.189999999999934 279.208878358 -194.115125941 0.0 -32.6180823163 27.0360268656 0.0
5.199999999999934 278.880594813 -193.843343063 0.0 -33.0386265435 27.3205488342 0.0
5.209999999999933 278.548101361 -193.568711787 0.0 -33.4600639132 27.6057064439 0.0
5.219999999999933 278.211388994 -193.291225716 0.0 -33.8824095581 27.8915077256 0.0
5.229999999999933 277.870448552 -193.010878373 0.0 -34.3056787175 28.1779608446 0.0
5.239999999999933 277.525270725 -192.727663198 0.0 -34.7298867429 28.4650741003 0.0
5.2499999999999325 277.175846046 -192.441573548 0.0 -35.1550491029 28.7528559271 0.0
5.259999999999932 276.822164893 -192.152602694 0.0 -35.5811813876 29.041314894 0.0
5.269999999999932 276.46421749 -191.860743821 0.0 -36.0082993139 29.3304597062 0.0
5.279999999999932 276.1019939 -191.565990026 0.0 -36.4364187305 29.6202992051 0.0
5.289999999999932 275.735484028 -191.268334319 0.0 -36.8655556223 29.9108423691 0.0
5.299999999999931 275.364677619 -190.967769615 0.0 -37.2957261154 30.202098315 0.0
5.309999999999931 274.989564256 -190.664288742 0.0 -37.7269464821 30.4940762987 0.0
5.319999999999931 274.610133358 -190.357884432 0.0 -38.1592331455 30.7867857161 0.0
5.329999999999931 274.226374179 -190.048549323 0.0 -38.5926026846 31.080236105 0.0
5.339999999999931 273.838275806 -189.736275957 0.0 -39.0270718388 31.3744371457 0.0
5.34999999999993 273.44582716 -189.421056778 0.0 -39.4626575133 31.6693986631 0.0
5.35999999999993 273.049016988 -189.102884131 0.0 -39.8993767836 31.9651306276 0.0
5.36999999999993 272.64783387 -188.781750262 0.0 -40.3372469007 32.2616431574 0.0
5.37999999999993 272.242266209 -188.457647314 0.0 -40.776285296 32.5589465196 0.0
5.3899999999999295 271.832302234 -188.130567326 0.0 -41.2165095864 32.8570511326 0.0
5.399999999999929 271.417929998 -187.800502232 0.0 -41.6579375793 33.1559675675 0.0
5.409999999999929 270.999137374 -187.467443861 0.0 -42.1005872781 33.4557065507 0.0
5.419999999999929 270.575912053 -187.131383934 0.0 -42.5444768871 33.7562789654 0.0
5.429999999999929 270.148241545 -186.79231406 0.0 -42.9896248167 34.0576958544 0.0
5.4399999999999284 269.716113172 -186.450225738 0.0 -43.4360496892 34.359968422 0.0
5.449999999999928 269.279514072 -186.105110356 0.0 -43.8837703441 34.6631080367 0.0
5.459999999999928 268.838431191 -185.756959185 0.0 -44.3328058433 34.9671262333 0.0
5.469999999999928 268.392851285 -185.40576338 0.0 -44.7831754771 35.2720347161 0.0
5.479999999999928 267.942760913 -185.05151398 0.0 -45.2348987699 35.5778453611 0.0
5.489999999999927 267.488146442 -184.694201902 0.0 -45.6879954858 35.884570219 0.0
5.499999999999927 267.028994036 -184.333817943 0.0 -46.1424856348 36.1922215183 0.0
5.509999999999927 266.565289661 -183.970352777 0.0 -46.5983894783 36.5008116678 0.0
5.519999999999927 266.097019076 -183.603796952 0.0 -47.055727536 36.8103532602 0.0
5.5299999999999265 265.624167835 -183.234140891 0.0 -47.5145205916 37.1208590752 0.0
5.539999999999926 265.146721284 -182.861374885 0.0 -47.9747896994 37.4323420827 0.0
5.549999999999926 264.664664554 -182.485489097 0.0 -48.4365561907 37.7448154463 0.0
5.559999999999926 264.177982565 -182.106473557 0.0 -48.8998416805 38.0582925268 0.0
5.569999999999926 263.686660016 -181.72431816 0.0 -49.3646680745 38.3727868861 0.0
5.5799999999999255 263.190681388 -181.339012665 0.0 -49.8310575756 38.6883122905 0.0
5.589999999999925 262.690030937 -180.950546689 0.0 -50.2990326914 39.0048827151 0.0
5.599999999999925 262.184692692 -180.558909714 0.0 -50.7686162411 39.3225123476 0.0
5.609999999999925 261.674650454 -180.164091074 0.0 -51.2398313635 39.6412155923 0.0
5.619999999999925 261.159887789 -179.766079961 0.0 -51.7127015236 39.9610070746 0.0
5.629999999999924 260.640388029 -179.364865418 0.0 -52.1872505215 40.2819016451 0.0
5.639999999999924 260.116134264 -178.960436337 0.0 -52.6635024993 40.6039143844 0.0
5.649999999999924 259.587109342 -178.552781462 0.0 -53.1414819501 40.9270606077 0.0
5.659999999999924 259.053295864 -178.14188938 0.0 -53.6212137258 41.2513558695 0.0
5.6699999999999235 258.51467618 -177.727748521 0.0 -54.1027230456 41.5768159686 0.0
5.679999999999923 257.971232387 -177.310347156 0.0 -54.5860355053 41.9034569531 0.0
5.689999999999923 257.422946324 -176.889673396 0.0 -55.0711770855 42.2312951258 0.0
5.699999999999923 256.869799568 -176.465715185 0.0 -55.5581741616 42.5603470493 0.0
5.709999999999923 256.311773429 -176.038460302 0.0 -56.0470535125 42.8906295521 0.0
5.7199999999999225 255.74884895 -175.607896356 0.0 -56.5378423308 43.2221597335 0.0
5.729999999999922 255.181006897 -175.174010782 0.0 -57.0305682324 43.5549549703 0.0
5.739999999999922 254.60822776 -174.736790843 0.0 -57.525259267 43.8890329222 0.0
5.749999999999922 254.030491744 -174.29622362 0.0 -58.0219439282 44.2244115385 0.0
5.759999999999922 253.447778768 -173.852296017 0.0 -58.5206511646 44.5611090643 0.0
5.769999999999921 252.860068461 -173.404994752 0.0 -59.0214103905 44.899144047 0.0
5.779999999999921 252.267340151 -172.954306355 0.0 -59.5242514977 45.2385353433 0.0
5.789999999999921 251.669572869 -172.500217167 0.0 -60.0292048666 45.5793021263 0.0
5.799999999999921 251.066745338 -172.042713337 0.0 -60.5363013785 45.9214638922 0.0
5.809999999999921 250.458835969 -171.581780815 0.0 -61.045572428 46.2650404683 0.0
5.81999999999992 249.845822857 -171.117405353 0.0 -61.5570499354 46.6100520205 0.0
5.82999999999992 249.227683776 -170.649572498 0.0 -62.0707663599 46.9565190608 0.0
5.83999999999992 248.60439617 -170.17826759 0.0 -62.5867547128 47.3044624561 0.0
5.84999999999992 247.975937154 -169.703475761 0.0 -63.1050485717 47.6539034357 0.0
5.8599999999999195 247.342283501 -169.225181925 0.0 -63.6256820942 48.0048636008 0.0
5.869999999999919 246.70341164 -168.743370783 0.0 -64.1486900327 48.3573649327 0.0
5.879999999999919 246.059297651 -168.258026809 0.0 -64.6741077497 48.7114298023 0.0
5.889999999999919 245.409917256 -167.769134255 0.0 -65.2019712326 49.0670809795 0.0
5.899999999999919 244.755245814 -167.276677142 0.0 -65.7323171106 49.4243416427 0.0
5.909999999999918 244.095258316 -166.780639257 0.0 -66.2651826702 49.7832353891 0.0
5.919999999999918 243.429929373 -166.281004149 0.0 -66.8006058727 50.1437862449 0.0
5.929999999999918 242.759233217 -165.777755124 0.0 -67.3386253716 50.5060186758 0.0
5.939999999999918 242.083143687 -165.270875243 0.0 -67.8792805303 50.8699575983 0.0
5.949999999999918 241.401634227 -164.760347313 0.0 -68.4226114409 51.2356283908 0.0
5.959999999999917 240.714677875 -164.246153886 0.0 -68.9686589432 51.6030569055 0.0
5.969999999999917 240.022247257 -163.728277254 0.0 -69.5174646448 51.9722694801 0.0
5.979999999999917 239.324314579 -163.206699442 0.0 -70.0690709407 52.3432929508 0.0
5.989999999999917 238.62085162 -162.681402204 0.0 -70.623521035 52.7161546646 0.0
5.9999999999999165 237.91182972 -162.152367018 0.0 -71.1808589624 53.090882493 0.0
6.009999999999916 237.197219777 -161.619575082 0.0 -71.7411296105 53.4675048454 0.0
6.019999999999916 236.476992235 -161.083007304 0.0 -72.3043787429 53.8460506834 0.0
6.029999999999916 235.751117076 -160.542644303 0.0 -72.8706530232 54.2265495355 0.0
6.039999999999916 235.019563811 -159.998466398 0.0 -73.4400000397 54.6090315121 0.0
6.0499999999999154 234.282301469 -159.450453604 0.0 -74.0124683307 54.9935273209 0.0
6.059999999999915 233.53929859 -158.898585626 0.0 -74.588107411 55.3800682835 0.0
6.069999999999915 232.790523214 -158.342841852 0.0 -75.1669677992 55.7686863518 0.0
6.079999999999915 232.03594287 -157.78320135 0.0 -75.7491010458 56.1594141252 0.0
6.089999999999915 231.275524566 -157.219642855 0.0 -76.3345597621 56.5522848685 0.0
6.099999999999914 230.509234779 -156.652144768 0.0 -76.9233976508 56.9473325304 0.0
6.109999999999914 229.737039443 -156.080685147 0.0 -77.515669537 57.3445917624 0.0
6.119999999999914 228.958903938 -155.505241698 0.0 -78.1114314003 57.7440979389 0.0
6.129999999999914 228.174793079 -154.925791772 0.0 -78.7107404084 58.1458871773 0.0
6.1399999999999135 227.384671102 -154.342312355 0.0 -79.3136549518 58.5499963593 0.0
6.149999999999913 226.588501654 -153.754780057 0.0 -79.9202346793 58.9564631528 0.0
6.159999999999913 225.786247778 -153.163171111 0.0 -80.5305405357 59.3653260345 0.0
6.169999999999913 224.977871902 -152.56746136 0.0 -81.1446347998 59.7766243138 0.0
6.179999999999913 224.163335822 -151.967626247 0.0 -81.7625811244 60.1903981564 0.0
6.1899999999999125 223.342600693 -151.363640813 0.0 -82.3844445778 60.6066886106 0.0
6.199999999999912 222.515627012 -150.755479682 0.0 -83.0102916866 61.0255376324 0.0
6.209999999999912 221.682374601 -150.143117053 0.0 -83.6401904804 61.4469881135 0.0
6.219999999999912 220.842802596 -149.526526693 0.0 -84.2742105376 61.8710839089 0.0
6.229999999999912 219.996869428 -148.905681924 0.0 -84.9124230337 62.2978698666 0.0
6.239999999999911 219.144532809 -148.280555616 0.0 -85.5549007909 62.7273918574 0.0
6.249999999999911 218.285749714 -147.651120172 0.0 -86.2017183297 63.1596968068 0.0
6.259999999999911 217.420476362 -147.017347525 0.0 -86.8529519229 63.5948327276 0.0
6.269999999999911 216.548668204 -146.379209117 0.0 -87.5086796511 64.0328487534 0.0
6.2799999999999105 215.670279899 -145.736675898 0.0 -88.1689814606 64.4737951748 0.0
6.28999999999991 214.785265295 -145.089718304 0.0 -88.8339392242 64.9177234751 0.0
6.29999999999991 213.893577415 -144.438306255 0.0 -89.5036368032 65.364686369 0.0
6.30999999999991 212.995168431 -143.782409134 0.0 -90.1781601133 65.8147378418 0.0
6.31999999999991 212.089989644 -143.121995779 0.0 -90.857597192 66.2679331909 0.0
6.3299999999999095 211.177991467 -142.457034468 0.0 -91.5420382696 66.7243290688 0.0
6.339999999999909 210.259123396 -141.787492905 0.0 -92.2315758426 67.1839835272 0.0
6.349999999999909 209.333333993 -141.113338207 0.0 -92.9263047502 67.6469560638 0.0
6.359999999999909 208.400570858 -140.434536888 0.0 -93.6263222548 68.1133076708 0.0
6.369999999999909 207.460780606 -139.751054845 0.0 -94.3317281243 68.5831008849 0.0
6.379999999999908 206.513908842 -139.062857342 0.0 -95.0426247199 69.0563998401 0.0
6.389999999999908 205.559900133 -138.369908991 0.0 -95.759117086 69.5332703223 0.0
6.399999999999908 204.598697983 -137.67217374 0.0 -96.4813130447 70.0137798265 0.0
6.409999999999908 203.630244801 -136.969614853 0.0 -97.2093232949 70.497997616 0.0
6.419999999999908 202.654481877 -136.262194891 0.0 -97.9432615147 70.985994785 0.0
6.429999999999907 201.671349347 -135.549875695 0.0 -98.6832444691 71.4778443231 0.0
6.439999999999907 200.680786164 -134.832618368 0.0 -99.4293921229 71.9736211831 0.0
6.449999999999907 199.682730065 -134.11038325 0.0 -100.181827757 72.4734023518 0.0
6.459999999999907 198.677117535 -133.383129904 0.0 -100.940678093 72.9772669237 0.0
6.4699999999999065 197.663883778 -132.650817088 0.0 -101.706073421 73.4852961786 0.0
6.479999999999906 196.642962672 -131.913402739 0.0 -102.478147731 73.997573662 0.0
6.489999999999906 195.614286739 -131.170843944 0.0 -103.25703886 74.5141852698 0.0
6.499999999999906 194.577787102 -130.423096921 0.0 -104.042888635 75.035219337 0.0
6.509999999999906 193.533393443 -129.670116991 0.0 -104.835843027 75.5607667298 0.0
6.519999999999905 192.481033966 -128.911858553 0.0 -105.636052316 76.0909209432 0.0
6.529999999999905 191.420635349 -128.148275057 0.0 -106.44367126 76.6257782022 0.0
6.539999999999905 190.352122696 -127.379318978 0.0 -107.258859271 77.1654375687 0.0
6.549999999999905 189.275419497 -126.604941785 0.0 -108.081780606 77.7100010529 0.0
6.559999999999905 188.190447571 -125.825093911 0.0 -108.912604561 78.2595737311 0.0
6.569999999999904 187.09712702 -125.039724723 0.0 -109.751505675 78.8142638684 0.0
6.579999999999904 185.995376171 -124.248782489 0.0 -110.598663954 79.374183048 0.0
6.589999999999904 184.885111526 -123.452214342 0.0 -111.454265092 79.9394463074 0.0
6.599999999999904 183.766247697 -122.649966249 0.0 -112.318500717 80.510172281 0.0
6.6099999999999035 182.63869735 -121.841982971 0.0 -113.191568639 81.0864833502 0.0
6.619999999999903 181.502371142 -121.028208025 0.0 -114.073673119 81.6685058015 0.0
6.629999999999903 180.35717765 -120.208583646 0.0 -114.965025151 82.2563699931 0.0
6.639999999999903 179.203023311 -119.383050743 0.0 -115.865842752 82.85021053 0.0
6.649999999999903 178.039812341 -118.551548858 0.0 -116.776351282 83.4501664485 0.0
6.659999999999902 176.867446665 -117.714016119 0.0 -117.696783768 84.0563814116 0.0
6.669999999999902 175.68582584 -116.870389193 0.0 -118.627381254 84.6690039137 0.0
6.679999999999902 174.494846968 -116.020603235 0.0 -119.568393167 85.2881874983 0.0
6.689999999999902 173.294404614 -115.164591843 0.0 -120.520077711 85.9140909866 0.0
6.699999999999902 172.084390714 -114.302286994 0.0 -121.48270227 86.5468787197 0.0
6.709999999999901 170.864694483 -113.433618997 0.0 -122.456543854 87.1867208152 0.0
6.719999999999901 169.635202316 -112.558516426 0.0 -123.44188955 87.8337934375 0.0
6.729999999999901 168.395797683 -111.676906063 0.0 -124.439037021 88.4882790855 0.0
6.739999999999901 167.146361023 -110.788712833 0.0 -125.448295017 89.1503668959 0.0
6.7499999999999005 165.886769628 -109.893859734 0.0 -126.469983932 89.8202529659 0.0
6.7599999999999 164.616897527 -108.992267765 0.0 -127.504436386 90.4981406952 0.0
6.7699999999999 163.336615356 -108.083855856 0.0 -128.551997849 91.1842411491 0.0
6.7799999999999 162.04579023 -107.168540783 0.0 -129.613027302 91.878773444 0.0
6.7899999999999 160.744285604 -106.24623709 0.0 -130.687897942 92.5819651578 0.0
6.7999999999998995 159.431961124 -105.316857001 0.0 -131.776997934 93.2940527658 0.0
6.809999999999899 158.108672478 -104.380310326 0.0 -132.880731211 94.0152821062 0.0
6.819999999999899 156.774271231 -103.436504371 0.0 -133.999518328 94.7459088742 0.0
6.829999999999899 155.428604652 -102.485343831 0.0 -135.133797376 95.4861991507 0.0
6.839999999999899 154.071515541 -101.526730686 0.0 -136.28402496 96.2364299661 0.0
6.849999999999898 152.70284203 -100.560564086 0.0 -137.450677237 96.9968899017 0.0
6.859999999999898 151.322417388 -99.5867402381 0.0 -138.634251043 97.7678797343 0.0
6.869999999999898 149.930069808 -98.6051522738 0.0 -139.835265083 98.5497131248 0.0
6.879999999999898 148.525622176 -97.6156901214 0.0 -141.054261223 99.3427173563 0.0
6.8899999999998975 147.108891841 -96.618240364 0.0 -142.291805871 100.147234125 0.0
6.899999999999897 145.679690354 -95.6126860914 0.0 -143.54849146 100.963620391 0.0
6.909999999999897 144.237823206 -94.598906743 0.0 -144.824938049 101.792249287 0.0
6.919999999999897 142.783089541 -93.5767779411 0.0 -146.121795046 102.633511105 0.0
6.929999999999897 141.31528185 -92.5461713138 0.0 -147.439743062 103.487814348 0.0
6.9399999999998965 139.834185655 -91.5069543077 0.0 -148.779495923 104.355586868 0.0
6.949999999999896 138.339579162 -90.4589899879 0.0 -150.141802835 105.237277098 0.0
6.959999999999896 136.831232894 -89.4021368255 0.0 -151.527450737 106.133355376 0.0
6.969999999999896 135.308909306 -88.3362484718 0.0 -152.93726684 107.04431538 0.0
6.979999999999896 133.772362365 -87.2611735164 0.0 -154.372121396 107.970675684 0.0
6.989999999999895 132.221337104 -86.1767552308 0.0 -155.832930698 108.91298144 0.0
6.999999999999895 130.655569149 -85.0828312926 0.0 -157.320660346 109.871806206 0.0
7.009999999999895 129.074784203 -83.9792334918 0.0 -158.836328809 110.847753941 0.0
7.019999999999895 127.478697503 -82.8657874163 0.0 -160.381011317 111.841461164 0.0
7.0299999999998946 125.867013226 -81.7423121139 0.0 -161.955844103 112.853599317 0.0
7.039999999999894 124.23942386 -80.6086197306 0.0 -163.562029063 113.884877343 0.0
7.049999999999894 122.59560952 -79.4645151213 0.0 -165.200838859 114.93604451 0.0
7.059999999999894 120.935237213 -78.3097954313 0.0 -166.873622531 116.007893495 0.0
7.069999999999894 119.257960042 -77.1442496449 0.0 -168.581811667 117.101263782 0.0
7.0799999999998935 117.563416348 -75.9676580991 0.0 -170.326927221 118.217045387 0.0
7.089999999999893 115.851228776 -74.7797919573 0.0 -172.110587035 119.356182968 0.0
7.099999999999893 114.12100327 -73.5804126407 0.0 -173.93451418 120.51968036 0.0
7.109999999999893 112.372327968 -72.3692712109 0.0 -175.800546207 121.708605592 0.0
7.119999999999893 110.60477201 -71.1461077007 0.0 -177.710645442 122.924096446 0.0
7.129999999999892 108.817884231 -69.9106503853 0.0 -179.66691046 124.167366632 0.0
7.139999999999892 107.011191734 -68.6626149888 0.0 -181.67158892 125.43971267 0.0
7.149999999999892 105.184198329 -67.4017038176 0.0 -183.727091945 126.74252157 0.0
7.159999999999892 103.336382818 -66.1276048127 0.0 -185.836010284 128.07727942 0.0
7.169999999999892 101.467197104 -64.8399905104 0.0 -188.001132536 129.445581041 0.0
7.179999999999891 99.5760641128 -63.538516901 0.0 -190.225465747 130.849140841 0.0
7.189999999999891 97.6623754901 -62.2228221714 0.0 -192.512258784 132.289805076 0.0
7.199999999999891 95.7254890515 -60.8925253173 0.0 -194.865028937 133.769565742 0.0
7.209999999999891 93.7647259453 -59.5472246068 0.0 -197.287592309 135.290576357 0.0
7.2199999999998905 91.7793674903 -58.1864958751 0.0 -199.784098681 136.855169976 0.0
7.22999999999989 89.7686516387 -56.8098906262 0.0 -202.359071652 138.46587982 0.0
7.23999999999989 87.731769005 -55.416933912 0.0 -205.017455082 140.125463003 0.0
7.24999999999989 85.6678583943 -54.0071219573 0.0 -207.764667069 141.836927945 0.0
7.25999999999989 83.5760017439 -52.5799194866 0.0 -210.606663 143.603566195 0.0
7.269999999999889 81.4552183809 -51.1347567078 0.0 -213.550009609 145.428989567 0.0
7.279999999999889 79.3044584704 -49.6710258914 0.0 -216.601972475 147.317173716 0.0
7.289999999999889 77.1225955078 -48.1880774748 0.0 -219.770620046 149.272509589 0.0
7.299999999999889 74.9084176667 -46.6852156041 0.0 -223.064948185 151.299864559 0.0
7.309999999999889 72.6606177738 -45.1616930033 0.0 -226.495030383 153.404655611 0.0
7.319999999999888 70.3777816198 -43.6167050371 0.0 -230.072200419 155.592937626 0.0
7.329999999999888 68.0583742353 -42.0493827949 0.0 -233.809276477 157.871510814 0.0
7.339999999999888 65.7007236588 -40.4587849774 0.0 -237.720838825 160.248052687 0.0
7.349999999999888 63.3030015767 -38.8438883044 0.0 -241.823577606 162.731281914 0.0
7.3599999999998875 60.8632000202 -37.2035760741 0.0 -246.136733683 165.331164133 0.0
7.369999999999887 58.3791030271 -35.5366243841 0.0 -250.682664945 168.05917388 0.0
7.379999999999887 55.8482517791 -33.8416853503 0.0 -255.487584655 170.928632874 0.0
7.389999999999887 53.2679011542 -32.1172664151 0.0 -260.58254033 173.955154154 0.0
7.399999999999887 50.6349647717 -30.3617044631 0.0 -266.004736171 177.157236253 0.0
7.4099999999998865 47.9459442999 -28.5731329062 0.0 -271.799358174 180.557075134 0.0
7.419999999999886 45.1968367337 -26.7494390254 0.0 -278.022155084 184.181701021 0.0
7.429999999999886 42.3830099997 -24.8882074442 0.0 -284.743191711 188.064615224 0.0
7.439999999999886 39.4990316089 -22.9866432471 0.0 -292.052486451 192.248224197 0.0
7.449999999999886 36.5384251552 -21.041464137 0.0 -300.068804284 196.787597824 0.0
7.459999999999885 33.4933111624 -19.048743477 0.0 -308.953994268 201.756534158 0.0
7.469999999999885 30.3538529934 -17.0036714448 0.0 -318.93763953 207.257872294 0.0
7.479999999999885 27.1073535616 -14.9001712341 0.0 -330.362246843 213.442169834 0.0
7.489999999999885 23.7366776375 -12.7302391333 0.0 -343.772937966 220.544250336 0.0
7.4999999999998845 20.2172409412 -10.4827075934 0.0 -360.114401299 228.962057637 0.0
7.509999999999884 16.5105420367 -8.14064635835 0.0 -381.225379604 239.450189379 0.0
7.519999999999884 12.5477203097 -5.67494334459 0.0 -411.338965795 253.690413374 0.0
7.529999999999884 8.17480980187 -3.02360528102 0.0 -463.243135774 276.57719934 0.0
7.539999999999884 2.81520692 0.0418345923869 0.0 -608.677440599 336.510775341 0.0
7.5499999999998835 -12.0606767437 7.46915519484 0.0 -2366.49929213 1148.95334515 0.0
7.559999999999883 -35.6347030964 18.9090476727 0.0 -2348.30597842 1139.02515041 0.0
7.569999999999883 -59.0741618949 30.2768470273 0.0 -2339.58578127 1134.53472052 0.0
7.579999999999883 -82.4432535358 41.6086746465 0.0 -2334.2325469 1131.83080331 0.0
7.589999999999883 -105.767220422 52.9178007285 0.0 -2330.56083027 1129.99441309 0.0
7.599999999999882 -129.059378033 64.211057941 0.0 -2327.87069194 1128.65702941 0.0
7.609999999999882 -152.327777244 75.4925246294 0.0 -2325.80915033 1127.63630826 0.0
7.619999999999882 -175.57770463 86.7648572982 0.0 -2324.17632685 1126.83022551 0.0
7.629999999999882 -198.812835032 98.0298923355 0.0 -2322.84975354 1126.17678194 0.0
7.6399999999998816 -222.035833357 109.288956053 0.0 -2321.74991143 1125.63596155 0.0
7.649999999999881 -245.248696905 120.543039423 0.0 -2320.82279832 1125.18071246 0.0
7.659999999999881 -268.452962885 131.792903278 0.0 -2320.03039767 1124.79205854 0.0
7.669999999999881 -291.649840589 143.039144968 0.0 -2319.34514313 1124.45627948 0.0
7.679999999999881 -314.840299024 154.282242369 0.0 -2318.74654378 1124.16320062 0.0
7.6899999999998805 -338.025126956 165.522583934 0.0 -2318.21904255 1123.90511248 0.0
7.69999999999988 -361.204975221 176.760489817 0.0 -2317.75061057 1123.67606401 0.0
7.70999999999988 -384.380387262 187.99622707 0.0 -2317.33179758 1123.47138664 0.0
7.71999999999988 -407.551821621 199.23002083 0.0 -2316.95507416 1123.28736537 0.0
7.72999999999988 -430.719668821 210.462062689 0.0 -2316.61436597 1123.12100641 0.0
7.739999999999879 -453.884264239 221.69251707 0.0 -2316.30471764 1122.96986986 0.0
7.749999999999879 -477.045898056 232.921526154 0.0 -2316.02204578 1122.83194689 0.0
7.759999999999879 -500.20482306 244.14921373 0.0 -2315.76295488 1122.70556834 0.0
7.769999999999879 -523.361260824 255.37568825 0.0 -2315.52459798 1122.5893357 0.0
7.779999999999879 -546.515406664 266.60104527 0.0 -2315.30456996 1122.48206827 0.0
7.789999999999878 -569.667433638 277.825369422 0.0 -2315.10082489 1122.3827622 0.0
7.799999999999878 -592.817495819 289.048736026 0.0 -2314.91161123 1122.2905586 0.0
7.809999999999878 -615.965730978 300.27121241 0.0 -2314.73542063 1122.20471813 0.0
7.819999999999878 -639.112262816 311.492859005 0.0 -2314.57094705 1122.12460093 0.0
7.8299999999998775 -662.257202821 322.713730262 0.0 -2314.4170539 1122.04965038 0.0
7.839999999999877 -685.400651827 333.933875414 0.0 -2314.27274736 1121.97937996 0.0
7.849999999999877 -708.542701337 345.153339126 0.0 -2314.13715462 1121.91336252 0.0
7.859999999999877 -731.68343464 356.372162046 0.0 -2314.00950595 1121.85122153 0.0
7.869999999999877 -754.82292777 367.590381272 0.0 -2313.88911993 1121.79262371 0.0
7.879999999999876 -777.961250325 378.808030756 0.0 -2313.77539108 1121.73727302 0.0
7.889999999999876 -801.098466178 390.025141649 0.0 -2313.66777957 1121.68490561 0.0
7.899999999999876 -824.234634089 401.241742605 0.0 -2313.56580255 1121.63528552 0.0
7.909999999999876 -847.369808235 412.457860038 0.0 -2313.46902681 1121.5882011 0.0
7.919999999999876 -870.504038682 423.673518353 0.0 -2313.37706254 1121.54346194 0.0
7.929999999999875 -893.637371785 434.888740144 0.0 -2313.289558 1121.50089628 0.0
7.939999999999875 -916.76985055 446.103546369 0.0 -2313.20619505 1121.46034878 0.0
7.949999999999875 -939.901514951 457.317956506 0.0 -2313.12668514 1121.4216786 0.0
7.959999999999875 -963.032402207 468.531988688 0.0 -2313.05076599 1121.38475771 0.0
7.9699999999998745 -986.16254703 479.745659824 0.0 -2312.97819865 1121.34946952 0.0
7.979999999999874 -1009.29198185 490.95898571 0.0 -2312.90876497 1121.31570758 0.0
7.989999999999874 -1032.420737 502.17198112 0.0 -2312.84226537 1121.28337453 0.0
7.999999999999874 -1055.54884091 513.384659898 0.0 -2312.77851689 1121.25238114 0.0
8.009999999999874 -1078.67632025 524.597035032 0.0 -2312.71735152 1121.22264547 0.0
8.019999999999873 -1101.80320008 535.80911872 0.0 -2312.65861469 1121.19409214 0.0
8.029999999999873 -1124.92950398 547.020922439 0.0 -2312.60216394 1121.16665171 0.0
8.039999999999873 -1148.05525414 558.232456998 0.0 -2312.54786778 1121.14026005 0.0
8.049999999999873 -1171.1804715 569.443732587 0.0 -2312.49560462 1121.11485791 0.0
8.059999999999873 -1194.30517583 580.654758829 0.0 -2312.44526188 1121.09039041 0.0
8.069999999999872 -1217.42938582 591.865544814 0.0 -2312.39673515 1121.06680668 0.0
8.079999999999872 -1240.55311913 603.076099145 0.0 -2312.34992749 1121.04405947 0.0
8.089999999999872 -1263.67639251 614.286429967 0.0 -2312.30474874 1121.02210485 0.0
8.099999999999872 -1286.79922183 625.496545001 0.0 -2312.26111496 1121.00090193 0.0
8.109999999999872 -1309.92162214 636.706451573 0.0 -2312.21894788 1120.98041259 0.0
8.119999999999871 -1333.04360775 647.916156642 0.0 -2312.17817445 1120.96060123 0.0
8.129999999999871 -1356.16519226 659.125666822 0.0 -2312.1387264 1120.94143461 0.0
8.139999999999871 -1379.28638859 670.334988403 0.0 -2312.10053986 1120.92288161 0.0
8.14999999999987 -1402.40720906 681.544127376 0.0 -2312.06355501 1120.90491312 0.0
8.15999999999987 -1425.52766542 692.753089451 0.0 -2312.02771576 1120.8875018 0.0
8.16999999999987 -1448.64776884 703.96188007 0.0 -2311.99296946 1120.87062204 0.0
8.17999999999987 -1471.76753002 715.170504429 0.0 -2311.95926664 1120.85424974 0.0
8.18999999999987 -1494.88695916 726.378967489 0.0 -2311.92656081 1120.83836226 0.0
8.19999999999987 -1518.00606601 737.587273992 0.0 -2311.89480816 1120.8229383 0.0
8.20999999999987 -1541.12485988 748.795428472 0.0 -2311.86396744 1120.80795776 0.0
8.21999999999987 -1564.24334972 760.003435269 0.0 -2311.83399977 1120.79340171 0.0
8.229999999999869 -1587.36154406 771.211298539 0.0 -2311.80486841 1120.77925228 0.0
8.239999999999869 -1610.4794511 782.419022264 0.0 -2311.77653871 1120.7654926 0.0
8.249999999999869 -1633.59707868 793.62661026 0.0 -2311.74897786 1120.75210671 0.0
8.259999999999868 -1656.71443434 804.834066191 0.0 -2311.72215486 1120.73907952 0.0
8.269999999999868 -1679.83152532 816.041393573 0.0 -2311.69604033 1120.72639674 0.0
8.279999999999868 -1702.94835855 827.248595781 0.0 -2311.67060646 1120.71404482 0.0
8.289999999999868 -1726.06494072 838.455676059 0.0 -2311.64582685 1120.70201094 0.0
8.299999999999867 -1749.18127824 849.662637529 0.0 -2311.62167649 1120.69028291 0.0
8.309999999999867 -1772.29737728 860.869483189 0.0 -2311.59813158 1120.67884916 0.0
8.319999999999867 -1795.41324378 872.076215928 0.0 -2311.57516956 1120.66769872 0.0
8.329999999999867 -1818.52888348 883.282838528 0.0 -2311.55276894 1120.65682112 0.0
8.339999999999867 -1841.64430187 894.489353665 0.0 -2311.5309093 1120.64620645 0.0
8.349999999999866 -1864.75950427 905.695763924 0.0 -2311.50957119 1120.63584523 0.0
8.359999999999866 -1887.87449581 916.902071792 0.0 -2311.48873608 1120.62572846 0.0
8.369999999999866 -1910.98928142 928.108279672 0.0 -2311.46838632 1120.61584754 0.0
8.379999999999866 -1934.10386587 939.314389881 0.0 -2311.44850507 1120.6061943 0.0
8.389999999999866 -1957.21825378 950.520404658 0.0 -2311.42907627 1120.59676092 0.0
8.399999999999865 -1980.33244959 961.726326162 0.0 -2311.41008458 1120.58753993 0.0
8.409999999999865 -2003.44645759 972.932156482 0.0 -2311.39151535 1120.57852421 0.0
8.419999999999865 -2026.56028193 984.137897638 0.0 -2311.37335457 1120.56970697 0.0
8.429999999999865 -2049.67392665 995.343551582 0.0 -2311.35558887 1120.56108167 0.0
8.439999999999864 -2072.78739562 1006.5491202 0.0 -2311.33820542 1120.55264211 0.0
8.449999999999864 -2095.90069261 1017.75460532 0.0 -2311.32119198 1120.54438231 0.0
8.459999999999864 -2119.01382125 1028.96000872 0.0 -2311.3045368 1120.53629656 0.0
8.469999999999864 -2142.12678508 1040.1653321 0.0 -2311.28822863 1120.52837941 0.0
8.479999999999864 -2165.23958751 1051.37057712 0.0 -2311.2722567 1120.52062561 0.0
8.489999999999863 -2188.35223184 1062.5757454 0.0 -2311.25661066 1120.51303013 0.0
8.499999999999863 -2211.4647213 1073.78083849 0.0 -2311.24128061 1120.50558815 0.0
8.509999999999863 -2234.57705899 1084.98585791 0.0 -2311.22625702 1120.49829505 0.0
8.519999999999863 -2257.68924793 1096.19080511 0.0 -2311.21153075 1120.49114638 0.0
8.529999999999863 -2280.80129105 1107.39568154 0.0 -2311.19709304 1120.48413787 0.0
8.539999999999862 -2303.91319119 1118.60048855 0.0 -2311.18293543 1120.47726544 0.0
8.549999999999862 -2327.02495112 1129.80522751 0.0 -2311.16904983 1120.47052512 0.0
8.559999999999862 -2350.13657351 1141.0098997 0.0 -2311.15542843 1120.46391314 0.0
8.569999999999862 -2373.24806097 1152.21450639 0.0 -2311.14206374 1120.45742585 0.0
8.579999999999862 -2396.35941603 1163.41904882 0.0 -2311.12894854 1120.45105974 0.0
8.589999999999861 -2419.47064115 1174.62352818 0.0 -2311.11607586 1120.44481143 0.0
8.599999999999861 -2442.58173873 1185.82794562 0.0 -2311.10343903 1120.43867766 0.0
8.60999999999986 -2465.69271108 1197.03230229 0.0 -2311.09103158 1120.43265531 0.0
8.61999999999986 -2488.80356047 1208.23659927 0.0 -2311.0788473 1120.42674134 0.0
8.62999999999986 -2511.91428911 1219.44083764 0.0 -2311.0668802 1120.42093286 0.0
8.63999999999986 -2535.02489913 1230.64501844 0.0 -2311.0551245 1120.41522704 0.0
8.64999999999986 -2558.13539263 1241.84914268 0.0 -2311.04357462 1120.40962118 0.0
8.65999999999986 -2581.24577163 1253.05321135 0.0 -2311.03222518 1120.40411266 0.0
8.66999999999986 -2604.35603811 1264.25722541 0.0 -2311.02107099 1120.39869896 0.0
8.67999999999986 -2627.466194 1275.46118579 0.0 -2311.01010702 1120.39337765 0.0
8.68999999999986 -2650.57624118 1286.66509341 0.0 -2310.99932843 1120.38814636 0.0
8.699999999999859 -2673.68618147 1297.86894916 0.0 -2310.98873055 1120.38300282 0.0
8.709999999999859 -2696.79601667 1309.0727539 0.0 -2310.97830883 1120.37794483 0.0
8.719999999999859 -2719.90574851 1320.27650847 0.0 -2310.96805892 1120.37297027 0.0
8.729999999999858 -2743.01537868 1331.48021371 0.0 -2310.95797657 1120.36807708 0.0
8.739999999999858 -2766.12490886 1342.68387041 0.0 -2310.94805769 1120.36326327 0.0
8.749999999999858 -2789.23434064 1353.88747936 0.0 -2310.93829833 1120.35852691 0.0
8.759999999999858 -2812.3436756 1365.09104133 0.0 -2310.92869464 1120.35386615 0.0
8.769999999999857 -2835.45291529 1376.29455705 0.0 -2310.91924293 1120.34927918 0.0
8.779999999999857 -2858.5620612 1387.49802727 0.0 -2310.90993958 1120.34476426 0.0
8.789999999999857 -2881.67111481 1398.70145269 0.0 -2310.90078113 1120.34031969 0.0
8.799999999999857 -2904.78007753 1409.90483401 0.0 -2310.89176419 1120.33594383 0.0
8.809999999999857 -2927.88895078 1421.1081719 0.0 -2310.88288551 1120.3316351 0.0
8.819999999999856 -2950.99773592 1432.31146704 0.0 -2310.8741419 1120.32739196 0.0
8.829999999999856 -2974.10643428 1443.51472006 0.0 -2310.86553031 1120.32321291 0.0
8.839999999999856 -2997.21504717 1454.71793161 0.0 -2310.85704774 1120.31909651 0.0
8.849999999999856 -3020.32357586 1465.9211023 0.0 -2310.8486913 1120.31504135 0.0
8.859999999999856 -3043.43202161 1477.12423273 0.0 -2310.8404582 1120.31104607 0.0
8.869999999999855 -3066.54038563 1488.32732351 0.0 -2310.83234572 1120.30710935 0.0
8.879999999999855 -3089.64866912 1499.53037521 0.0 -2310.82435119 1120.3032299 0.0
8.889999999999855 -3112.75687323 1510.73338839 0.0 -2310.81647207 1120.29940648 0.0
8.899999999999855 -3135.86499912 1521.93636361 0.0 -2310.80870587 1120.29563788 0.0
8.909999999999854 -3158.9730479 1533.13930142 0.0 -2310.80105015 1120.29192292 0.0
8.919999999999854 -3182.08102067 1544.34220233 0.0 -2310.79350257 1120.28826046 0.0
8.929999999999854 -3205.18891848 1555.54506688 0.0 -2310.78606085 1120.28464939 0.0
8.939999999999854 -3228.2967424 1566.74789557 0.0 -2310.77872276 1120.28108863 0.0
8.949999999999854 -3251.40449344 1577.9506889 0.0 -2310.77148614 1120.27757713 0.0
8.959999999999853 -3274.51217262 1589.15344736 0.0 -2310.7643489 1120.27411388 0.0
8.969999999999853 -3297.61978091 1600.35617141 0.0 -2310.75730899 1120.27069788 0.0
8.979999999999853 -3320.72731928 1611.55886154 0.0 -2310.75036443 1120.26732816 0.0
8.989999999999853 -3343.83478866 1622.7615182 0.0 -2310.74351328 1120.2640038 0.0
8.999999999999853 -3366.94219 1633.96414184 0.0 -2310.73675367 1120.26072387 0.0
9.009999999999852 -3390.04952419 1645.1667329 0.0 -2310.73008376 1120.25748748 0.0
9.019999999999852 -3413.15679211 1656.36929181 0.0 -2310.72350178 1120.25429378 0.0
9.029999999999852 -3436.26399465 1667.57181898 0.0 -2310.71700598 1120.25114192 0.0
9.039999999999852 -3459.37113266 1678.77431485 0.0 -2310.71059469 1120.24803107 0.0
9.049999999999851 -3482.47820696 1689.97677981 0.0 -2310.70426625 1120.24496044 0.0
9.059999999999851 -3505.58521839 1701.17921425 0.0 -2310.69801905 1120.24192926 0.0
9.069999999999851 -3528.69216774 1712.38161859 0.0 -2310.69185155 1120.23893675 0.0
9.07999999999985 -3551.79905581 1723.58399318 0.0 -2310.68576222 1120.23598219 0.0
9.08999999999985 -3574.90588337 1734.78633842 0.0 -2310.67974957 1120.23306486 0.0
9.09999999999985 -3598.01265118 1745.98865466 0.0 -2310.67381217 1120.23018405 0.0
9.10999999999985 -3621.11935998 1757.19094228 0.0 -2310.66794859 1120.22733907 0.0
9.11999999999985 -3644.22601051 1768.39320162 0.0 -2310.66215747 1120.22452926 0.0
9.12999999999985 -3667.33260349 1779.59543303 0.0 -2310.65643746 1120.22175397 0.0
9.13999999999985 -3690.43913961 1790.79763687 0.0 -2310.65078726 1120.21901257 0.0
9.14999999999985 -3713.54561957 1801.99981345 0.0 -2310.64520559 1120.21630443 0.0
9.15999999999985 -3736.65204406 1813.20196312 0.0 -2310.63969121 1120.21362895 0.0
9.169999999999849 -3759.75841373 1824.40408619 0.0 -2310.6342429 1120.21098554 0.0
9.179999999999849 -3782.86472924 1835.60618299 0.0 -2310.62885948 1120.20837362 0.0
9.189999999999849 -3805.97099124 1846.80825382 0.0 -2310.62353979 1120.20579264 0.0
9.199999999999848 -3829.07720035 1858.01029899 0.0 -2310.6182827 1120.20324204 0.0
9.209999999999848 -3852.1833572 1869.21231881 0.0 -2310.61308711 1120.20072129 0.0
9.219999999999848 -3875.28946239 1880.41431356 0.0 -2310.60795194 1120.19822987 0.0
9.229999999999848 -3898.39551653 1891.61628355 0.0 -2310.60287613 1120.19576726 0.0
9.239999999999847 -3921.50152021 1902.81822905 0.0 -2310.59785866 1120.19333296 0.0
9.249999999999847 -3944.60747399 1914.02015035 0.0 -2310.59289853 1120.19092649 0.0
9.259999999999847 -3967.71337846 1925.22204772 0.0 -2310.58799475 1120.18854738 0.0
9.269999999999847 -3990.81923417 1936.42392143 0.0 -2310.58314637 1120.18619514 0.0
9.279999999999847 -4013.92504166 1947.62577175 0.0 -2310.57835244 1120.18386934 0.0
9.289999999999846 -4037.03080148 1958.82759895 0.0 -2310.57361205 1120.18156953 0.0
9.299999999999846 -4060.13651416 1970.02940327 0.0 -2310.56892431 1120.17929526 0.0
9.309999999999846 -4083.24218023 1981.23118498 0.0 -2310.56428834 1120.17704612 0.0
9.319999999999846 -4106.34780019 1992.43294432 0.0 -2310.55970328 1120.17482169 0.0
9.329999999999846 -4129.45337454 2003.63468153 0.0 -2310.55516829 1120.17262156 0.0
9.339999999999845 -4152.5589038 2014.83639687 0.0 -2310.55068256 1120.17044534 0.0
9.349999999999845 -4175.66438844 2026.03809056 0.0 -2310.54624529 1120.16829263 0.0
9.359999999999845 -4198.76982894 2037.23976283 0.0 -2310.54185568 1120.16616306 0.0
9.369999999999845 -4221.87522579 2048.44141393 0.0 -2310.53751298 1120.16405624 0.0
9.379999999999844 -4244.98057943 2059.64304407 0.0 -2310.53321643 1120.16197183 0.0
9.389999999999844 -4268.08589034 2070.84465348 0.0 -2310.52896529 1120.15990946 0.0
9.399999999999844 -4291.19115896 2082.04624237 0.0 -2310.52475886 1120.15786878 0.0
9.409999999999844 -4314.29638574 2093.24781096 0.0 -2310.52059641 1120.15584945 0.0
9.419999999999844 -4337.40157111 2104.44935946 0.0 -2310.51647727 1120.15385113 0.0
9.429999999999843 -4360.5067155 2115.65088809 0.0 -2310.51240076 1120.15187351 0.0
9.439999999999843 -4383.61181933 2126.85239704 0.0 -2310.50836621 1120.14991625 0.0
9.449999999999843 -4406.71688303 2138.05388651 0.0 -2310.50437299 1120.14797904 0.0
9.459999999999843 -4429.82190699 2149.25535671 0.0 -2310.50042045 1120.14606157 0.0
9.469999999999843 -4452.92689164 2160.45680784 0.0 -2310.49650797 1120.14416355 0.0
9.479999999999842 -4476.03183735 2171.65824008 0.0 -2310.49263495 1120.14228467 0.0
9.489999999999842 -4499.13674453 2182.85965363 0.0 -2310.48880079 1120.14042466 0.0
9.499999999999842 -4522.24161356 2194.06104867 0.0 -2310.4850049 1120.13858321 0.0
9.509999999999842 -4545.34644482 2205.26242538 0.0 -2310.48124672 1120.13676007 0.0
9.519999999999841 -4568.45123868 2216.46378396 0.0 -2310.47752568 1120.13495494 0.0
9.529999999999841 -4591.55599551 2227.66512457 0.0 -2310.47384122 1120.13316757 0.0
9.539999999999841 -4614.66071568 2238.8664474 0.0 -2310.47019282 1120.1313977 0.0
9.54999999999984 -4637.76539955 2250.06775261 0.0 -2310.46657994 1120.12964506 0.0
9.55999999999984 -4660.87004746 2261.26904038 0.0 -2310.46300207 1120.12790941 0.0
9.56999999999984 -4683.97465976 2272.47031088 0.0 -2310.45945868 1120.1261905 0.0
9.57999999999984 -4707.0792368 2283.67156428 0.0 -2310.4559493 1120.12448809 0.0
9.58999999999984 -4730.18377891 2294.87280073 0.0 -2310.45247343 1120.12280194 0.0
9.59999999999984 -4753.28828643 2306.0740204 0.0 -2310.44903058 1120.12113181 0.0
9.60999999999984 -4776.39275969 2317.27522344 0.0 -2310.44562029 1120.11947748 0.0
9.61999999999984 -4799.497199 2328.47641002 0.0 -2310.44224209 1120.11783873 0.0
9.62999999999984 -4822.60160469 2339.67758029 0.0 -2310.43889554 1120.11621533 0.0
9.639999999999839 -4845.70597707 2350.87873441 0.0 -2310.43558019 1120.11460708 0.0
9.649999999999839 -4868.81031645 2362.07987251 0.0 -2310.4322956 1120.11301374 0.0
9.659999999999838 -4891.91462313 2373.28099475 0.0 -2310.42904135 1120.11143513 0.0
9.669999999999838 -4915.01889742 2384.48210128 0.0 -2310.42581701 1120.10987104 0.0
9.679999999999838 -4938.12313962 2395.68319225 0.0 -2310.42262217 1120.10832126 0.0
9.689999999999838 -4961.22735001 2406.88426778 0.0 -2310.41945643 1120.10678559 0.0
9.699999999999838 -4984.33152889 2418.08532803 0.0 -2310.41631939 1120.10526386 0.0
9.709999999999837 -5007.43567654 2429.28637313 0.0 -2310.41321066 1120.10375586 0.0
9.719999999999837 -5030.53979324 2440.48740321 0.0 -2310.41012985 1120.10226141 0.0
9.729999999999837 -5053.64387928 2451.68841842 0.0 -2310.4070766 1120.10078033 0.0
9.739999999999837 -5076.74793491 2462.88941889 0.0 -2310.40405053 1120.09931244 0.0
9.749999999999837 -5099.85196042 2474.09040474 0.0 -2310.40105127 1120.09785756 0.0
9.759999999999836 -5122.95595607 2485.2913761 0.0 -2310.39807848 1120.09641553 0.0
9.769999999999836 -5146.05992212 2496.49233311 0.0 -2310.3951318 1120.09498616 0.0
9.779999999999836 -5169.16385883 2507.69327589 0.0 -2310.39221088 1120.09356929 0.0
9.789999999999836 -5192.26776647 2518.89420456 0.0 -2310.3893154 1120.09216477 0.0
9.799999999999836 -5215.37164527 2530.09511924 0.0 -2310.38644501 1120.09077242 0.0
9.809999999999835 -5238.47549549 2541.29602007 0.0 -2310.38359939 1120.08939209 0.0
9.819999999999835 -5261.57931738 2552.49690714 0.0 -2310.38077823 1120.08802362 0.0
9.829999999999835 -5284.68311118 2563.6977806 0.0 -2310.3779812 1120.08666687 0.0
9.839999999999835 -5307.78687712 2574.89864054 0.0 -2310.375208 1120.08532167 0.0
9.849999999999834 -5330.89061545 2586.09948709 0.0 -2310.37245831 1120.08398789 0.0
9.859999999999834 -5353.9943264 2597.30032035 0.0 -2310.36973185 1120.08266538 0.0
9.869999999999834 -5377.0980102 2608.50114045 0.0 -2310.36702832 1120.08135399 0.0
9.879999999999834 -5400.20166708 2619.70194749 0.0 -2310.36434743 1120.08005358 0.0
9.889999999999834 -5423.30529726 2630.90274158 0.0 -2310.36168889 1120.07876402 0.0
9.899999999999833 -5446.40890097 2642.10352282 0.0 -2310.35905242 1120.07748517 0.0
9.909999999999833 -5469.51247842 2653.30429133 0.0 -2310.35643776 1120.0762169 0.0
9.919999999999833 -5492.61602983 2664.50504721 0.0 -2310.35384462 1120.07495907 0.0
9.929999999999833 -5515.71955542 2675.70579057 0.0 -2310.35127275 1120.07371157 0.0
9.939999999999833 -5538.82305539 2686.90652149 0.0 -2310.34872187 1120.07247425 0.0
9.949999999999832 -5561.92652996 2698.1072401 0.0 -2310.34619175 1120.07124699 0.0
9.959999999999832 -5585.02997933 2709.30794648 0.0 -2310.34368211 1120.07002968 0.0
9.969999999999832 -5608.13340371 2720.50864074 0.0 -2310.34119272 1120.06882219 0.0
9.979999999999832 -5631.23680329 2731.70932298 0.0 -2310.33872332 1120.0676244 0.0
9.989999999999831 -5654.34017827 2742.90999328 0.0 -2310.33627369 1120.0664362 0.0
9.999999999999831 -5677.44352886 2754.11065175 0.0 -2310.33384357 1120.06525746 0.0
